100
16 20 18 22 21 18 22 16 36 16 18 13 22 24 16 30 22 18 20 19 23 21 21 22 18 18 20 18 24 21 29 22 18 16 10 18 20 22 26 19 21 17 23 21 19 18 13 24 18 21 25 22 14 13 19 22 22 30 16 20 24 18 22 19 23 29 19 10 17 22 19 22 26 16 22 16 25 13 23 17 19 30 31 17 15 15 23 21 27 21 13 14 16 19 22 16 19 15 18 16 
1 8 8 4 2 10 8 10 7 6 8 1 5 9 8 10 10 2 8 3 4 6 4 10 7 4 10 5 3 7 4 2 7 6 3 9 1 7 6 6 3 2 9 10 4 1 2 3 2 4 9 8 1 5 1 2 2 2 8 4 10 1 3 8 6 5 1 5 1 8 6 9 4 2 4 3 6 6 7 5 7 3 1 4 10 6 5 2 1 8 6 6 5 10 6 8 1 3 8 10 
50
0 0 1 0 1 1 0 1 1 0 0 0 0 0 1 0 0 0 2 0 1 1 1 2 1 4 1 0 2 1 0 0 0 2 2 0 0 1 0 1 0 0 1 1 0 0 1 0 0 0 0 1 0 0 0 1 1 1 0 2 1 0 0 3 0 1 3 0 1 1 2 0 1 2 0 2 1 0 0 1 0 3 2 1 0 0 1 1 0 2 1 1 2 2 1 1 1 1 1 1 
1 0 0 1 0 1 0 0 0 0 0 0 1 0 1 0 0 0 1 0 0 0 0 0 0 0 0 0 1 0 0 0 1 0 0 1 0 0 2 2 1 1 0 0 0 1 0 1 0 0 1 3 0 0 0 0 0 1 0 0 0 0 1 1 0 1 0 1 2 0 0 1 0 0 0 0 1 0 0 1 0 0 0 0 0 1 0 1 0 0 0 0 0 0 0 0 0 0 0 0 
0 0 1 1 0 0 0 0 0 1 0 0 0 1 0 0 0 0 1 0 0 0 1 0 1 0 2 0 0 2 1 0 0 0 0 0 0 0 0 0 0 0 0 1 1 1 1 0 0 0 0 0 0 1 0 0 0 0 0 0 0 1 0 0 0 0 1 0 1 0 1 0 0 1 0 0 0 0 0 0 0 1 0 0 0 1 1 0 0 0 1 0 2 0 0 0 2 1 0 0 
3 0 0 3 0 1 1 3 3 2 1 0 0 0 2 0 1 0 0 0 1 4 1 2 0 2 0 0 2 2 0 1 0 1 0 2 0 0 0 2 1 0 2 0 0 0 0 0 2 0 1 2 0 1 0 1 1 0 0 2 0 3 1 0 2 0 0 0 1 0 0 1 2 0 1 0 1 1 3 2 0 2 1 1 1 3 1 0 0 0 1 0 3 1 3 0 1 1 0 1 
0 0 0 0 0 0 0 0 1 0 1 0 0 0 0 1 0 1 0 1 1 0 0 0 3 0 0 0 0 0 0 0 0 0 1 0 0 0 0 0 0 1 1 0 0 1 0 0 0 2 0 0 0 0 0 2 0 0 0 0 0 0 0 0 0 1 0 0 1 0 0 0 0 1 1 1 0 1 0 0 0 0 0 0 0 1 1 0 0 1 0 1 0 1 0 0 0 0 0 0 
1 0 0 0 0 0 0 0 1 0 2 1 3 2 0 2 0 0 0 0 1 0 0 1 0 1 3 1 0 2 1 0 0 0 1 0 0 0 0 3 0 0 1 1 1 0 0 0 1 0 0 0 0 0 0 1 1 0 0 1 0 0 2 1 0 0 0 1 2 1 0 0 0 0 0 1 0 1 0 2 0 0 0 0 1 0 0 0 0 0 0 0 0 1 1 1 0 0 0 1 
0 1 0 2 0 1 0 0 0 2 1 1 0 1 0 0 1 0 1 1 0 0 1 0 0 0 1 0 0 0 0 0 1 0 0 0 0 0 0 1 1 0 1 0 2 0 0 1 2 0 1 1 1 0 0 0 2 0 0 0 0 0 2 0 1 0 0 1 0 1 0 0 0 1 1 0 0 0 0 0 1 1 0 0 0 0 0 0 0 0 0 0 0 0 1 0 0 0 0 1 
0 1 1 1 2 2 2 1 1 1 0 1 0 0 0 2 0 0 2 0 2 0 2 2 1 1 2 1 0 2 1 0 1 0 2 1 0 0 0 2 2 2 0 1 1 2 0 1 1 1 2 2 0 0 4 0 1 0 4 0 0 2 1 1 0 1 0 0 1 2 1 0 1 0 1 1 1 1 1 1 0 3 0 2 2 0 1 0 0 0 1 0 3 0 1 1 1 4 2 1 
0 0 0 0 1 1 0 0 0 0 1 0 0 0 0 0 0 0 1 0 0 0 0 0 0 0 0 0 0 0 0 0 1 0 0 0 0 2 1 0 0 0 0 0 1 0 0 0 0 0 1 1 0 0 0 0 1 2 1 0 0 1 1 0 1 2 0 1 0 0 0 0 0 0 0 0 0 0 0 2 0 0 0 1 0 0 0 0 0 0 0 0 0 0 0 0 0 0 0 0 
0 2 0 0 0 0 0 2 2 0 1 1 0 0 0 0 0 0 0 1 1 1 0 0 3 0 2 2 2 0 2 0 0 0 0 1 0 0 0 1 2 0 0 0 1 2 0 1 1 0 0 0 0 1 2 1 1 1 1 1 2 1 0 1 1 0 0 2 0 1 3 1 0 0 0 2 0 1 3 0 0 1 1 0 1 1 0 0 0 0 0 0 0 1 0 0 2 0 0 0 
0 0 0 0 0 0 0 1 1 1 0 0 0 0 0 1 1 0 0 0 0 0 0 0 1 0 0 0 0 0 0 1 0 0 0 0 0 0 0 0 1 0 0 0 0 0 1 3 0 0 1 0 2 0 0 0 0 0 0 0 3 0 0 0 0 0 1 2 2 0 0 0 0 0 0 0 0 0 1 0 0 0 0 0 0 1 0 0 0 0 0 0 0 0 1 0 0 0 0 0 
2 0 1 1 0 2 2 0 0 1 1 1 1 1 0 2 3 0 0 0 0 0 1 0 1 0 1 2 0 2 0 0 2 0 1 0 0 0 1 1 1 0 0 2 1 1 0 1 1 0 0 1 0 1 1 1 1 0 1 0 1 1 0 0 0 1 0 1 1 0 0 2 1 1 1 1 0 1 3 0 1 1 1 0 0 0 1 0 0 0 1 0 1 0 0 1 1 0 0 0 
1 2 2 0 1 0 0 0 0 0 1 0 0 0 1 1 0 1 0 0 0 0 0 2 0 0 1 0 0 3 1 0 1 1 0 0 0 0 0 0 0 1 0 2 0 0 1 0 0 1 2 0 0 0 1 0 2 0 0 2 0 1 1 0 0 0 0 0 1 2 3 1 0 0 0 1 0 0 0 1 0 1 0 0 0 0 0 0 1 0 0 0 0 1 2 0 0 0 0 1 
0 0 0 0 0 0 1 0 0 0 1 1 0 0 0 0 0 0 0 0 1 2 0 0 0 0 0 0 0 0 0 0 0 0 0 0 0 0 1 0 0 0 0 0 0 1 0 0 1 0 1 1 1 0 0 0 0 2 0 0 0 0 0 0 1 1 0 1 0 0 0 1 0 0 1 0 0 1 0 1 0 1 0 1 0 0 1 1 0 0 0 0 0 0 0 1 0 0 0 1 
0 1 0 0 0 0 1 1 1 0 1 0 1 0 1 1 0 0 0 0 0 0 1 2 1 1 1 1 0 0 0 0 0 1 1 0 0 1 1 1 0 2 3 2 0 0 0 0 3 0 2 0 1 1 0 0 0 0 0 1 0 2 0 0 0 1 0 0 0 1 0 1 0 0 0 1 0 0 1 0 2 0 1 0 1 0 1 0 0 1 0 0 0 0 0 1 1 0 0 1 
0 0 0 0 0 0 0 0 0 0 0 0 0 0 0 0 0 0 0 0 0 0 0 0 0 1 0 0 0 0 0 1 0 1 1 0 0 0 0 0 0 0 0 1 0 0 0 0 0 0 1 0 0 0 0 0 0 1 1 0 0 0 0 0 0 1 0 0 0 0 0 1 0 0 1 0 0 0 0 0 2 0 0 0 0 0 0 0 0 0 0 0 0 1 1 0 0 0 0 0 
2 0 3 1 0 1 0 0 2 1 1 1 1 1 0 0 2 0 3 0 1 1 0 0 0 1 1 0 0 1 0 0 0 1 1 2 2 1 2 0 1 2 0 0 0 1 2 1 0 0 0 1 1 0 0 0 2 1 1 2 1 1 0 2 1 2 3 2 1 0 0 0 0 0 1 2 2 3 1 1 1 4 1 0 0 2 0 0 1 0 0 0 1 0 1 0 1 0 1 0 
0 0 3 0 2 2 0 0 1 0 0 0 0 0 0 1 1 0 0 2 0 0 0 0 0 1 0 1 0 1 0 0 0 0 1 0 0 1 0 0 1 0 1 0 0 0 0 0 0 0 0 1 0 0 0 1 0 2 0 1 1 0 2 1 0 2 0 0 0 2 0 1 0 0 0 1 1 0 2 0 0 1 0 1 0 2 0 0 1 1 0 1 0 1 1 0 0 1 0 1 
0 0 0 0 1 0 0 0 1 0 0 0 1 0 0 2 0 0 0 0 0 1 0 0 0 0 1 1 1 0 0 0 0 0 0 0 1 0 0 0 0 0 0 1 0 0 0 0 0 0 0 0 0 0 0 2 0 0 0 1 0 0 1 0 0 0 1 0 0 1 0 1 0 0 0 0 2 1 0 0 1 0 0 0 0 0 0 0 0 1 0 1 0 0 0 0 0 0 0 0 
2 0 1 0 1 0 2 0 1 0 1 0 1 1 1 0 0 1 3 3 2 0 1 1 0 0 2 2 0 1 1 0 1 0 0 2 3 2 0 0 1 3 0 0 0 0 0 0 0 0 0 0 0 1 1 2 1 0 0 0 1 0 1 0 2 0 1 2 0 0 1 1 0 1 0 0 1 0 0 0 0 0 2 0 0 1 0 0 1 0 3 1 0 1 1 1 0 2 2 0 
0 0 0 0 0 0 0 0 1 1 1 0 0 0 0 0 0 0 0 0 0 0 0 0 0 0 0 0 0 0 1 1 0 1 3 0 0 0 1 0 1 1 0 0 0 0 0 0 0 0 1 0 0 0 0 1 1 0 1 0 1 0 0 0 2 0 0 1 1 1 0 1 0 0 0 0 1 0 0 0 0 0 0 0 1 1 0 0 0 1 0 0 1 0 0 0 0 1 1 0 
0 0 0 1 1 0 2 0 1 1 0 0 0 0 0 0 1 0 0 0 0 0 0 2 0 2 0 0 1 0 0 1 1 0 0 0 1 1 0 0 1 0 1 0 0 0 0 0 1 0 0 0 0 1 2 0 0 1 0 0 0 0 0 0 0 0 1 0 1 1 0 1 0 0 0 2 1 0 1 0 0 0 1 0 0 2 2 1 0 0 0 0 0 0 0 0 0 1 0 0 
2 1 1 2 0 3 4 0 1 0 1 0 1 1 2 0 2 0 2 2 1 0 1 1 1 0 0 0 1 1 0 3 3 0 2 1 0 1 1 1 1 0 0 1 1 1 1 1 1 2 0 0 1 3 1 0 1 0 1 1 2 1 1 2 1 0 3 0 1 1 1 2 0 0 0 0 2 0 1 0 2 1 1 0 0 2 1 2 1 0 1 1 0 0 2 2 1 2 0 0 
0 0 1 1 0 1 2 0 1 0 0 2 1 1 1 0 2 1 1 1 2 1 1 1 1 0 2 1 1 1 1 5 0 0 0 1 0 0 0 0 0 2 0 0 0 3 0 0 0 0 1 0 1 2 0 0 0 1 0 1 0 1 1 0 1 1 0 2 2 1 1 3 0 2 0 0 0 1 1 2 0 0 0 0 2 0 0 1 0 0 0 1 2 2 1 0 0 2 0 0 
0 0 0 0 1 0 0 0 1 0 0 1 0 1 2 1 0 1 1 2 0 2 0 0 0 1 1 1 0 0 1 0 0 0 0 0 0 0 1 1 0 1 1 1 2 1 0 1 1 1 1 0 0 1 0 1 0 1 0 1 1 1 0 1 1 0 1 0 1 3 1 0 1 2 1 1 1 0 0 1 0 0 0 1 1 2 0 3 3 1 2 0 0 1 1 0 1 1 1 1 
0 0 1 0 1 0 0 0 1 1 1 0 0 0 0 0 0 0 0 0 0 2 1 0 0 0 0 0 0 0 0 2 1 0 0 0 0 2 0 0 0 1 1 0 1 1 1 1 0 0 1 1 0 0 0 0 0 2 1 1 0 0 0 0 0 0 0 0 1 0 0 0 0 1 2 1 1 0 1 1 0 1 0 1 0 0 0 1 0 1 0 0 0 0 0 0 0 0 0 0 
2 1 0 1 0 0 1 1 1 1 2 0 1 1 1 0 1 1 1 3 1 0 1 1 3 0 1 1 1 0 0 0 1 0 1 1 0 0 0 0 1 3 1 1 1 1 0 1 3 1 1 1 2 1 0 0 0 0 0 0 1 0 0 1 2 0 0 0 1 1 2 1 0 0 0 1 1 1 2 0 0 0 1 1 4 0 1 1 0 0 0 3 1 1 0 0 2 1 2 0 
0 0 0 0 1 0 1 0 0 0 0 0 0 1 0 1 1 0 1 0 1 0 0 0 1 2 0 1 0 0 0 0 0 0 0 0 1 0 0 0 1 2 0 0 0 0 0 1 0 0 0 1 1 0 0 0 0 1 0 0 0 0 0 0 1 0 0 0 0 2 0 0 0 0 0 0 0 0 0 0 0 0 0 0 0 0 1 0 0 0 0 0 0 1 1 1 0 1 1 1 
0 0 1 0 0 0 0 0 0 0 0 0 0 0 0 0 0 0 0 0 1 0 0 0 0 0 0 1 0 2 0 1 0 0 0 1 0 2 1 0 1 0 1 1 0 0 0 0 0 0 0 0 0 1 0 0 0 0 0 0 0 1 0 0 2 0 0 0 0 0 0 0 1 1 0 0 0 0 0 1 1 0 0 1 0 0 0 1 1 0 1 0 1 1 1 0 1 0 1 0 
0 0 2 0 0 0 0 1 0 0 0 0 0 1 1 0 1 0 0 1 0 2 0 0 0 0 1 1 0 0 1 1 1 0 1 0 1 0 0 0 1 0 1 0 0 0 1 0 0 1 0 1 1 0 0 0 0 0 0 0 1 0 1 1 1 0 0 0 0 0 4 0 0 0 0 0 0 0 0 0 0 0 0 0 0 1 1 1 0 1 0 0 0 0 0 0 0 0 1 0 
1 1 3 0 1 1 1 1 1 0 0 1 2 2 1 1 0 0 0 2 0 0 2 1 0 1 0 0 0 1 1 1 1 1 3 0 0 0 1 3 0 1 1 0 4 0 1 1 0 1 0 1 1 0 0 0 1 1 0 0 2 1 1 3 1 1 1 1 1 0 1 0 0 1 0 2 2 1 1 3 1 1 1 0 0 3 1 1 0 2 1 1 3 1 0 1 2 0 3 1 
0 0 0 0 0 0 1 0 1 0 1 1 1 0 0 1 0 1 0 0 0 0 1 0 2 1 0 0 0 0 0 0 0 0 0 1 1 1 0 0 1 0 0 0 0 0 0 1 0 2 1 0 1 0 0 0 0 0 0 0 1 0 0 0 0 1 0 3 1 0 1 1 2 0 0 0 2 1 1 0 1 0 1 1 0 0 1 0 0 0 0 0 0 1 2 0 0 0 0 2 
0 0 1 0 3 1 3 0 0 0 1 2 0 0 1 0 0 0 2 0 0 1 0 1 0 0 1 1 2 3 1 2 0 0 0 0 0 3 1 0 1 0 0 2 0 0 1 1 0 0 0 0 1 0 1 1 1 0 1 1 0 0 0 1 1 0 3 2 0 0 0 2 1 0 0 2 4 0 1 1 0 0 2 0 1 0 0 0 1 0 2 1 2 0 0 0 0 0 1 0 
0 0 1 1 0 2 1 0 1 1 0 2 1 0 0 0 0 5 2 0 0 0 0 2 1 2 1 0 1 1 1 0 0 0 0 0 2 1 0 3 0 1 1 0 0 0 1 2 0 0 0 1 1 2 0 0 3 0 0 1 1 0 0 2 2 0 1 0 0 1 0 2 0 0 2 0 1 0 1 0 0 1 1 1 3 3 1 0 0 0 0 2 1 0 0 2 0 0 0 0 
0 1 0 0 2 0 3 0 0 1 0 0 0 0 0 0 0 0 0 0 1 0 0 1 1 0 1 0 0 1 0 0 0 1 0 0 0 0 3 0 0 0 0 0 2 1 0 0 0 2 0 1 1 0 0 0 1 0 1 0 0 0 0 2 0 0 0 0 2 1 0 0 0 0 0 0 0 0 0 0 0 0 0 0 0 2 0 1 0 1 0 0 0 1 0 0 0 1 0 0 
0 0 0 0 0 0 0 1 0 0 0 1 0 0 0 0 0 0 0 0 0 0 0 0 0 0 1 1 0 0 0 0 0 0 0 0 0 0 0 0 0 0 1 0 1 1 0 2 0 0 0 0 0 1 0 0 0 0 0 0 0 0 0 0 0 0 0 1 0 1 0 0 0 0 0 0 0 0 0 0 0 0 0 0 0 0 0 0 0 0 0 0 0 0 0 0 0 1 0 0 
0 3 1 0 0 0 0 0 1 0 1 1 0 1 0 0 0 1 0 0 0 2 0 0 1 0 0 0 0 0 0 0 0 0 0 0 1 2 0 1 0 0 1 1 1 2 0 0 0 0 0 0 0 0 0 1 0 0 1 0 0 0 0 1 1 1 1 0 0 0 1 1 0 0 0 0 0 0 0 0 1 0 0 0 0 0 0 1 1 0 1 1 0 1 1 2 0 1 0 0 
0 0 1 1 0 0 2 0 0 0 0 1 0 1 0 1 0 0 0 0 0 1 0 1 1 0 1 0 0 0 2 0 0 0 1 0 0 1 0 0 0 1 0 1 1 0 0 0 1 0 0 1 0 1 0 0 0 0 0 0 0 1 0 0 1 1 0 0 4 0 0 1 1 0 0 1 2 0 0 0 0 0 0 1 0 1 0 1 0 0 1 0 1 1 0 0 0 0 0 0 
1 0 0 0 0 0 1 0 0 1 0 0 0 1 3 1 0 1 2 3 0 1 2 0 0 3 1 1 1 0 1 0 1 0 2 2 1 0 0 0 1 3 0 1 1 0 1 0 1 0 0 2 1 0 0 0 0 1 1 1 1 1 0 0 0 0 0 0 1 0 0 0 0 0 0 1 1 1 2 0 1 0 1 1 1 0 3 0 0 2 0 0 1 0 1 1 1 1 1 0 
0 1 0 0 0 0 0 1 1 0 1 1 0 1 0 0 0 0 1 2 0 0 1 1 1 0 2 1 1 4 1 1 0 0 2 0 1 0 1 1 0 1 0 0 1 1 1 0 0 0 0 1 1 1 0 0 1 2 0 2 1 0 0 2 0 0 0 1 2 0 0 1 1 0 2 0 1 2 0 0 1 0 1 1 1 2 0 1 0 1 0 1 1 1 1 1 1 1 2 1 
0 0 0 2 0 2 0 0 0 2 0 0 2 0 0 0 3 0 2 0 0 0 1 2 0 1 0 2 2 1 1 0 0 1 1 3 2 1 0 0 0 0 0 0 0 1 2 3 0 1 3 1 1 0 0 3 1 0 0 1 0 2 4 0 0 2 2 1 1 1 0 0 0 0 1 1 1 1 3 0 1 0 1 0 1 1 2 0 0 0 2 1 0 0 0 0 1 2 0 0 
1 0 2 1 0 0 2 0 0 2 2 0 0 0 1 0 0 1 0 0 0 0 1 0 0 0 0 0 3 1 0 0 1 0 0 1 0 0 2 0 0 1 0 0 0 0 0 1 0 1 0 1 0 0 0 0 0 2 2 0 1 1 0 0 0 0 0 0 1 0 0 0 0 0 0 0 1 0 0 1 0 1 0 0 1 0 2 2 0 1 2 1 0 1 0 0 0 0 1 0 
0 0 0 1 1 0 1 0 3 0 1 1 0 0 0 0 0 0 0 0 0 0 0 1 1 0 0 0 2 0 0 2 0 0 0 0 1 0 1 0 2 1 1 0 1 0 1 0 1 0 0 0 0 0 1 1 0 2 0 0 1 1 0 1 1 0 0 0 0 0 2 0 1 2 0 0 1 2 0 0 0 1 1 1 0 1 0 0 1 1 1 1 0 0 2 0 0 2 0 0 
0 1 1 0 0 3 0 2 2 0 0 2 1 1 0 0 1 1 0 0 2 3 1 2 1 0 1 1 1 1 1 0 1 1 0 0 3 4 0 1 1 0 1 3 2 3 1 0 1 1 1 0 1 1 3 1 1 0 0 1 0 0 0 2 0 0 0 0 0 2 2 0 3 0 1 1 0 3 0 0 1 0 0 1 2 2 1 2 2 2 1 0 1 1 0 0 1 1 0 0 
1 1 0 2 3 1 0 2 0 2 0 0 2 1 3 2 0 1 1 0 0 2 0 1 1 0 0 2 1 1 0 1 0 0 1 1 0 0 1 0 1 2 0 0 0 0 1 1 0 1 2 0 1 0 0 0 0 1 3 1 0 1 0 1 0 2 0 1 2 1 0 0 2 1 0 0 1 1 3 0 0 0 1 2 1 0 2 1 0 1 0 1 0 2 0 0 1 0 0 0 
0 1 1 0 2 0 0 1 0 0 1 1 1 1 1 1 0 0 0 0 1 0 1 0 0 0 0 0 0 0 2 1 0 1 0 0 0 0 0 0 1 0 0 1 0 0 1 1 1 0 1 0 0 0 0 1 0 0 0 0 1 0 0 2 0 0 0 0 0 2 1 1 0 0 0 0 0 1 0 1 0 0 0 1 1 0 0 1 0 0 1 1 2 0 0 0 1 1 0 0 
0 1 1 0 1 1 0 1 0 0 0 0 0 1 0 0 0 1 2 1 0 0 0 0 1 1 0 1 1 0 0 0 0 1 0 0 0 1 0 0 0 1 0 1 0 1 0 2 0 0 0 0 0 1 1 1 0 0 0 0 0 1 1 0 0 0 0 0 0 0 0 0 1 0 0 1 0 0 1 0 0 0 1 0 0 1 0 1 0 0 0 1 0 1 0 0 0 0 0 1 
1 0 0 1 0 0 1 1 1 4 0 0 0 0 0 0 0 0 1 1 1 1 1 0 2 0 0 2 0 1 1 0 0 0 1 0 1 0 0 0 1 1 2 1 0 0 0 1 0 2 1 0 0 0 0 0 2 0 0 2 0 1 0 0 2 1 0 1 1 0 0 1 1 1 0 0 0 0 0 2 0 0 0 0 1 0 1 0 1 0 0 1 1 0 0 0 1 0 0 1 
1 0 0 2 1 0 1 1 2 1 2 1 0 1 2 1 1 2 2 2 1 1 0 1 1 0 0 3 1 1 2 0 3 0 1 0 1 0 1 0 2 0 0 0 0 4 1 1 0 1 2 1 1 1 0 1 0 1 0 0 0 0 2 0 0 0 0 0 5 2 0 1 2 0 0 0 3 0 1 0 1 1 1 0 1 2 1 0 1 1 1 1 1 0 2 1 2 0 0 0 
0 0 0 0 0 0 0 0 0 0 0 0 0 0 0 0 0 0 0 0 0 0 1 0 0 0 0 0 1 0 0 0 0 0 0 0 1 0 0 0 0 0 0 0 0 0 0 0 0 0 0 0 0 0 0 0 0 0 0 0 0 0 0 0 0 0 1 0 0 0 0 0 0 0 0 0 0 0 0 0 0 0 1 0 0 1 2 1 0 0 0 1 0 0 0 0 0 0 0 0 
