100
10 6 8 18 16 10 10 12 9 7 13 12 21 10 6 16 8 7 6 14 10 7 9 11 10 8 8 6 11 13 17 15 16 5 13 12 10 10 9 9 4 14 14 6 12 10 9 6 18 13 11 7 2 10 7 12 13 8 7 6 10 12 7 14 9 8 11 10 7 8 11 9 11 15 5 5 9 10 7 8 9 15 19 9 9 6 7 11 7 5 11 11 11 16 5 10 9 7 14 6 
3 3 7 3 2 3 5 6 2 10 9 9 6 10 3 7 9 6 4 1 7 10 6 4 3 9 6 2 4 1 5 1 1 7 9 6 6 9 9 2 9 4 7 1 4 3 1 5 4 5 9 3 4 7 8 5 4 6 10 5 1 2 7 1 9 5 4 8 1 1 6 6 5 9 3 6 3 10 4 9 1 4 9 5 9 7 2 6 4 8 7 1 7 2 4 9 10 8 1 7 
100
0 1 0 0 0 0 2 0 0 0 0 0 0 1 0 2 0 2 1 0 1 0 0 0 3 1 2 1 0 0 0 1 2 1 0 1 1 0 0 0 0 0 1 2 1 0 1 0 0 0 1 0 1 0 1 0 2 0 1 0 1 1 1 1 0 0 1 0 1 1 0 1 1 0 0 1 2 0 1 1 0 0 0 0 1 0 2 0 0 2 1 0 2 2 2 0 1 0 1 0 
1 0 2 0 4 0 2 0 1 0 1 0 0 1 2 1 0 0 0 0 0 0 1 1 2 0 0 0 0 2 1 0 1 0 0 0 0 1 1 4 1 0 0 0 0 0 1 1 0 1 1 0 1 2 0 1 1 2 0 1 1 2 1 0 0 1 0 1 2 0 0 0 0 0 0 2 2 1 1 0 0 0 0 2 0 0 2 1 0 0 1 0 0 2 0 1 0 1 2 0 
1 1 1 0 0 0 0 0 1 1 0 1 1 0 0 0 0 0 0 1 0 0 1 1 1 0 0 0 0 0 0 0 0 1 0 0 0 0 0 0 1 1 1 1 0 1 0 3 0 0 0 0 0 0 0 0 0 2 0 0 0 0 0 1 0 1 1 0 0 0 0 0 0 0 2 2 0 2 0 0 0 2 1 0 1 1 1 0 0 0 0 0 1 0 2 1 0 1 0 1 
0 2 0 0 0 0 0 2 0 0 0 0 0 0 1 0 1 0 3 0 1 0 0 0 1 1 0 1 0 0 0 0 0 0 0 0 0 0 0 1 0 0 1 0 0 0 0 0 0 1 0 0 0 1 0 0 0 0 0 2 0 1 0 0 0 0 0 0 0 1 0 0 0 2 0 0 2 1 1 1 0 0 0 0 0 1 0 0 0 0 0 1 0 0 0 0 0 0 1 0 
1 0 0 0 0 0 0 2 0 0 0 1 0 1 2 0 0 0 0 0 0 2 1 0 0 0 1 1 0 1 0 0 0 0 0 1 0 0 0 0 0 1 0 0 2 0 1 0 1 0 0 0 0 0 0 0 1 0 0 0 0 1 0 0 0 0 1 0 0 0 2 0 1 0 2 2 1 0 1 0 0 0 0 0 0 1 1 1 0 0 0 0 1 0 0 0 0 1 2 0 
0 0 1 0 1 0 0 0 0 0 0 2 0 0 0 0 0 1 3 0 0 1 0 1 1 0 0 1 0 0 1 0 0 0 0 1 1 0 0 0 0 0 0 0 0 1 0 0 0 1 1 0 0 0 0 0 0 1 0 0 0 2 3 0 0 0 0 1 0 2 0 0 0 1 0 0 0 0 0 0 0 0 1 0 0 0 0 0 0 1 0 1 0 0 1 1 0 2 0 0 
0 0 1 0 1 0 0 0 0 2 0 1 0 2 0 3 0 1 1 0 0 0 2 0 1 1 1 0 0 0 0 0 0 0 0 0 1 0 1 1 2 0 0 0 1 1 1 0 0 0 1 0 0 0 0 0 1 0 1 1 1 0 0 1 0 1 0 0 0 0 1 3 1 2 1 0 3 0 0 0 1 0 0 2 0 1 3 0 0 0 2 0 0 0 1 0 0 1 0 0 
0 0 0 0 0 1 1 0 2 0 1 0 0 0 1 1 2 0 1 0 2 0 0 1 1 0 0 0 0 0 2 0 1 1 2 1 0 0 1 0 1 0 1 2 0 1 1 0 0 0 0 0 1 1 0 0 1 0 0 1 0 0 0 0 0 0 1 1 0 0 0 0 1 0 2 0 1 0 1 0 0 0 0 0 0 0 1 0 1 0 0 0 0 0 0 0 0 2 1 1 
2 0 0 0 1 0 0 1 0 0 0 1 1 1 1 0 0 0 0 1 0 0 1 0 1 2 1 1 2 2 0 1 0 0 2 0 1 1 1 0 2 2 2 0 0 1 0 1 0 2 2 0 0 0 1 0 0 2 1 0 1 3 0 0 0 1 0 2 1 0 0 1 4 0 2 0 0 1 1 0 2 1 2 0 2 0 0 0 1 1 0 0 0 0 0 0 0 1 0 0 
0 1 0 0 2 2 2 1 2 0 0 2 0 1 2 0 2 0 3 0 0 0 0 3 0 2 3 2 1 0 1 3 1 2 1 1 1 0 0 0 0 1 1 0 0 0 0 2 1 1 1 2 1 1 0 1 1 2 2 1 1 2 0 2 0 0 1 3 0 0 0 0 1 1 1 0 1 1 0 1 1 0 0 0 0 3 3 0 1 1 1 1 0 1 1 0 0 1 0 0 
0 0 1 1 0 0 1 0 0 0 0 0 0 0 0 0 0 1 0 0 0 0 0 1 0 1 1 0 0 0 0 0 1 0 2 0 1 0 0 0 2 1 0 1 0 0 0 0 0 1 0 0 0 0 0 0 1 2 0 1 0 0 0 0 0 0 1 1 0 1 0 0 0 0 0 0 0 0 0 0 0 0 0 0 1 0 0 0 0 0 1 0 1 1 1 1 0 1 0 0 
0 0 1 0 1 0 1 1 0 2 0 2 0 1 0 0 0 0 0 1 1 4 0 2 1 0 0 2 0 1 0 3 0 1 0 1 2 0 1 4 0 2 1 1 2 1 0 1 0 0 0 1 0 0 1 0 1 0 0 0 0 0 0 0 0 0 1 1 2 1 0 0 0 0 0 0 2 0 0 0 0 1 0 0 0 0 2 1 0 2 0 0 0 3 0 0 0 1 1 0 
0 0 0 0 1 1 0 0 0 1 0 2 1 5 0 0 0 0 2 0 1 0 1 0 0 2 0 0 0 1 0 1 0 1 0 1 0 0 0 1 1 0 0 0 1 1 1 0 0 1 0 0 0 1 0 1 0 0 1 2 1 0 1 0 0 0 1 0 1 2 0 2 1 1 0 0 0 0 0 1 2 1 2 0 0 1 0 0 0 2 0 0 0 0 0 0 1 0 0 1 
1 0 1 2 0 0 0 1 1 0 0 0 0 0 1 1 1 1 0 0 0 2 1 0 0 0 0 0 0 1 0 0 0 0 1 0 0 1 1 0 2 0 1 0 0 0 1 0 0 0 0 1 0 0 0 1 0 0 2 0 0 0 0 0 1 1 1 0 1 0 1 1 0 1 0 0 0 1 0 2 0 0 0 2 0 0 0 1 0 2 1 0 0 0 2 1 0 0 1 0 
1 1 0 0 0 0 0 2 1 0 0 0 0 1 1 0 0 1 2 2 1 2 0 0 0 0 1 0 0 0 0 4 0 2 2 1 0 0 1 0 2 0 0 1 1 0 3 0 0 0 1 0 0 0 0 1 0 0 2 1 2 2 1 0 0 0 0 1 1 0 0 0 1 0 0 0 0 0 1 1 0 0 0 0 0 0 1 0 0 1 0 0 1 0 2 1 1 2 0 0 
0 0 1 0 0 0 1 1 0 0 0 0 0 0 0 1 0 0 0 1 0 0 0 0 1 3 0 0 0 0 0 0 0 0 0 0 0 1 0 0 0 0 2 0 0 1 1 0 1 0 1 1 0 0 1 2 1 0 0 0 1 2 0 0 0 0 0 0 0 1 0 0 0 0 1 1 1 0 1 1 2 0 0 0 1 0 0 0 0 0 0 0 1 0 0 0 1 0 0 0 
2 0 0 1 0 2 1 1 0 0 0 1 0 0 2 1 0 0 0 1 0 0 0 1 0 0 1 2 1 0 0 1 1 1 0 1 0 0 1 1 1 1 0 1 2 1 0 0 0 0 0 0 1 0 0 0 0 2 0 1 0 1 0 0 0 0 1 0 0 0 0 0 0 0 1 0 1 0 0 3 1 0 0 1 0 0 1 1 1 0 2 0 0 0 1 1 0 1 1 2 
0 1 1 1 0 3 2 3 2 0 1 1 2 4 0 0 0 1 1 1 1 3 1 0 1 1 2 3 0 1 0 1 0 0 0 1 1 0 0 1 0 1 1 0 2 1 1 0 2 0 3 2 2 0 0 1 2 0 1 1 0 1 2 0 1 0 3 3 2 0 0 1 1 1 1 0 0 1 1 0 1 0 1 3 1 2 0 2 2 0 1 0 0 0 1 0 0 0 0 0 
0 0 0 0 1 0 0 0 0 0 0 0 0 0 0 0 0 0 0 0 0 0 0 1 0 0 0 0 0 0 0 0 0 0 0 1 0 0 0 0 0 0 0 1 0 1 0 0 0 1 0 0 1 0 0 0 0 0 0 0 1 0 0 0 0 0 0 1 0 0 1 0 0 0 0 0 0 0 0 0 0 0 0 0 0 0 0 0 0 0 0 0 0 0 0 0 0 0 1 0 
0 1 1 0 1 1 0 0 0 0 0 0 0 0 0 0 0 0 0 1 0 2 0 0 1 1 0 0 1 0 1 2 0 2 0 1 0 0 1 1 2 0 1 0 1 1 0 0 1 2 1 0 0 3 1 0 1 2 0 0 0 1 0 1 0 1 1 0 0 1 1 0 1 1 0 1 1 0 0 0 0 0 1 0 0 0 1 1 0 1 1 0 0 0 1 1 0 0 1 0 
0 0 0 0 0 0 1 0 0 0 0 0 1 1 0 0 0 0 1 0 0 0 1 0 0 0 0 0 1 1 1 0 0 1 0 0 1 0 0 1 0 0 1 0 1 0 0 0 0 0 0 0 0 1 0 0 0 0 0 0 0 0 0 0 0 1 0 3 0 0 0 0 1 0 0 0 0 0 0 1 0 0 0 0 0 0 0 0 0 0 0 1 0 2 0 0 0 0 1 0 
1 0 0 1 0 0 0 1 0 0 1 2 0 1 0 0 0 1 0 2 0 0 0 0 1 0 1 1 1 0 1 0 1 3 1 0 0 1 0 3 1 0 0 1 0 1 0 1 1 1 0 0 1 0 1 1 0 0 0 0 1 0 2 1 0 1 1 0 0 0 0 0 0 0 1 1 0 2 1 0 0 0 0 0 0 2 0 1 0 1 0 0 0 0 0 0 0 0 0 3 
1 0 0 0 0 0 0 0 0 0 0 0 0 0 2 1 0 0 0 0 0 1 0 0 0 0 1 1 1 0 0 1 1 0 0 0 1 0 0 1 0 1 0 2 0 0 0 0 1 0 1 0 1 0 0 2 1 1 0 0 0 0 0 0 2 1 0 0 0 0 0 0 0 1 0 0 0 0 1 0 1 0 0 2 2 1 1 0 3 0 0 0 0 1 2 0 1 1 0 0 
1 0 0 0 0 0 1 0 0 0 0 1 0 1 0 1 1 0 1 1 0 0 0 0 0 0 0 0 0 0 0 0 1 0 0 0 0 1 0 1 0 1 1 0 0 0 1 1 0 0 0 1 0 0 1 0 1 0 2 0 1 0 0 1 0 0 0 0 0 0 3 0 2 1 0 2 0 0 0 0 0 0 1 0 2 0 0 1 0 0 0 0 0 0 0 0 0 0 1 2 
0 0 1 0 0 0 0 0 0 0 0 0 0 0 0 0 0 0 2 1 0 0 0 0 0 0 1 0 1 1 1 1 0 2 3 1 0 1 0 0 0 0 3 0 1 1 2 1 0 1 0 0 0 1 1 1 0 0 0 1 0 0 0 0 0 0 0 0 1 0 2 0 0 2 1 0 0 0 0 0 2 1 1 0 0 0 0 0 0 0 2 0 0 0 0 2 1 0 1 0 
0 1 0 0 1 1 1 1 1 1 0 0 1 0 0 0 1 0 0 2 0 0 0 1 1 0 0 0 0 2 2 2 0 0 0 1 0 1 1 2 0 1 0 0 0 0 0 1 1 2 0 0 0 1 0 1 1 0 0 0 0 1 1 0 0 1 0 0 1 0 0 0 0 0 1 0 0 0 0 0 1 0 1 1 1 1 0 2 1 0 0 2 0 0 0 1 0 0 2 0 
1 0 0 0 2 0 1 2 1 1 3 0 1 1 2 1 1 0 0 0 0 0 2 0 1 0 1 0 0 0 0 0 1 1 1 1 0 0 2 0 0 1 0 3 0 0 0 0 0 0 1 0 0 0 0 1 1 1 0 0 0 1 1 0 0 0 1 0 1 0 0 1 2 0 1 0 3 0 0 0 1 0 0 1 0 0 0 0 1 2 0 0 0 1 1 1 3 0 2 0 
0 1 0 1 0 0 0 0 0 0 1 0 0 2 1 0 0 1 0 0 0 0 2 0 0 1 0 0 0 0 0 1 1 2 2 0 0 0 0 2 0 0 0 0 0 0 1 1 0 0 0 2 0 0 0 1 1 0 0 0 1 1 0 1 0 1 0 0 0 1 1 0 0 1 0 0 1 0 0 0 0 1 0 0 0 0 0 1 0 0 1 0 0 0 0 0 0 2 1 0 
0 1 1 2 1 0 0 0 0 0 0 1 0 0 1 0 0 0 0 0 1 0 0 0 1 0 0 0 0 0 1 0 0 0 1 0 0 0 0 1 1 1 0 1 0 2 3 0 0 0 1 1 1 0 0 1 2 0 1 0 0 0 0 0 0 0 0 0 0 1 0 0 0 1 0 0 1 2 0 3 0 0 1 0 1 0 0 0 0 0 0 1 0 1 0 0 1 0 1 0 
0 0 0 2 1 0 1 0 1 1 0 1 1 0 0 1 0 0 0 1 0 0 0 0 0 0 2 0 0 0 0 2 1 0 0 0 2 0 0 0 0 3 0 1 0 0 0 0 0 0 1 0 0 0 0 0 0 0 1 1 1 0 1 0 0 0 0 0 2 2 0 0 0 0 0 0 0 0 1 1 1 0 0 0 0 0 1 0 0 0 0 0 0 1 0 0 1 1 0 0 
0 0 0 0 0 0 0 0 0 0 0 0 1 0 0 0 0 0 1 1 1 1 0 0 0 0 0 0 0 0 0 0 0 1 0 1 0 0 0 0 0 0 0 0 0 0 1 0 0 0 0 0 1 0 0 0 1 0 0 0 0 0 0 0 0 0 0 0 1 0 0 0 0 0 0 0 0 0 0 1 0 0 1 0 0 0 0 0 1 0 0 0 0 1 0 0 1 0 0 0 
0 0 0 0 0 0 0 0 0 0 0 0 1 0 0 0 1 0 0 0 1 0 0 0 0 0 0 1 0 0 0 0 0 1 0 1 1 1 1 0 1 0 0 0 0 0 0 0 0 0 0 0 0 0 0 0 0 0 0 0 0 0 0 0 0 0 0 0 0 0 0 0 0 0 0 0 0 0 0 0 0 0 0 0 0 1 0 0 0 0 0 0 0 1 0 0 1 0 0 0 
1 1 1 0 2 1 1 1 0 0 2 1 2 1 4 0 1 0 1 0 1 2 0 2 2 1 0 1 1 1 0 1 2 0 2 1 0 0 1 0 1 0 0 3 0 3 2 1 1 0 1 0 2 2 1 1 0 0 1 0 0 0 2 0 2 1 1 2 0 1 1 1 0 1 0 0 0 2 0 1 0 1 1 2 4 0 0 0 0 1 0 3 2 1 2 2 1 1 0 0 
0 0 1 0 0 0 0 1 0 0 0 0 0 0 1 0 0 0 1 0 0 0 0 0 0 0 0 1 1 0 0 0 0 0 1 0 0 0 0 0 1 0 0 1 0 0 0 0 1 0 0 0 1 0 0 1 0 1 0 0 0 0 0 0 1 0 1 0 0 0 0 0 0 1 0 0 0 0 2 1 0 0 0 0 0 2 0 1 1 0 0 0 0 0 1 0 0 0 0 0 
0 1 2 1 0 0 1 0 2 1 0 0 0 0 0 0 0 0 1 0 0 1 2 2 1 2 2 0 1 0 1 0 0 3 1 2 1 0 0 1 1 0 3 0 1 0 0 2 1 0 0 1 0 0 1 1 0 1 2 0 1 1 3 1 2 0 0 1 0 0 1 0 2 2 2 0 0 0 0 0 0 1 2 0 0 2 0 0 0 1 0 0 1 1 0 0 2 0 1 2 
0 0 1 1 1 0 1 1 0 0 1 1 1 3 0 0 1 3 2 0 0 0 1 1 2 0 1 1 2 1 1 0 1 1 0 1 0 0 1 2 1 1 0 2 2 1 1 0 1 3 0 0 1 0 2 2 1 0 1 2 0 1 1 1 0 2 0 2 0 0 0 0 1 1 1 1 2 1 2 1 0 0 2 0 0 0 0 1 0 1 0 0 2 0 0 0 1 1 1 1 
0 0 0 0 0 0 0 1 0 0 0 0 0 0 0 0 1 0 0 0 0 0 0 1 1 1 0 1 0 0 0 0 0 0 0 0 0 0 0 0 0 0 0 0 0 0 0 0 0 0 0 0 1 1 0 0 0 0 1 0 0 1 0 0 1 0 0 0 0 0 1 0 0 0 0 0 0 0 0 0 0 0 1 0 0 0 0 0 0 0 1 0 0 0 0 0 0 0 0 0 
0 0 0 1 0 1 2 0 0 1 0 0 1 0 1 0 1 2 1 0 1 0 2 1 0 0 0 1 0 0 0 0 1 0 2 1 2 0 0 0 0 0 0 0 0 0 0 0 0 0 0 0 0 1 0 0 0 2 2 0 0 0 0 0 2 1 0 0 1 0 0 1 0 0 1 1 0 0 0 1 0 0 0 0 3 0 0 2 1 1 2 2 1 0 1 0 1 1 1 1 
3 1 2 0 1 1 0 0 0 1 3 0 1 2 1 0 3 1 0 0 1 0 0 1 2 2 2 2 2 0 0 0 1 1 1 1 2 1 1 1 1 0 0 1 1 0 1 0 0 1 0 0 1 4 0 1 1 0 0 0 0 0 2 1 0 3 0 1 0 2 0 2 0 0 0 2 1 0 0 1 0 1 2 0 0 2 1 0 2 1 1 2 0 0 1 0 0 0 2 0 
0 0 1 2 0 0 0 1 1 0 1 0 0 1 0 1 0 0 1 1 2 1 1 0 0 0 0 0 0 0 1 0 0 0 1 0 1 0 1 0 0 0 0 0 0 0 0 1 0 1 0 0 0 0 0 1 0 0 0 0 0 0 0 0 0 0 0 0 0 1 0 0 0 0 0 0 0 1 0 1 1 0 0 1 0 1 0 1 1 0 0 0 1 2 0 0 0 0 1 1 
1 1 2 1 0 0 0 1 1 1 1 2 0 0 1 2 4 1 0 1 1 0 0 2 2 1 1 2 0 0 0 0 0 1 1 0 0 0 0 0 0 3 0 0 1 0 0 0 0 0 2 0 0 0 1 2 0 1 2 1 1 3 0 0 0 0 2 1 3 0 1 1 2 1 0 1 0 3 0 0 0 1 0 0 0 0 0 0 0 0 1 0 2 1 0 1 1 1 0 0 
0 0 2 0 0 0 1 0 1 0 1 1 0 1 1 0 0 0 1 0 0 0 0 0 0 0 0 0 2 0 1 0 1 0 1 0 1 0 0 0 0 1 0 0 0 1 0 0 0 0 1 1 0 0 0 1 0 1 0 0 0 0 1 2 1 0 0 0 1 0 0 2 0 2 1 1 1 1 2 1 1 1 0 1 2 0 0 0 0 0 0 2 0 0 2 0 0 0 0 0 
0 0 2 0 0 1 0 0 0 1 0 1 0 0 0 1 0 0 0 1 0 0 0 1 0 1 1 0 0 2 0 1 0 0 0 1 2 0 1 0 0 0 0 0 0 4 0 0 1 2 0 1 0 0 1 1 1 0 0 0 0 0 1 2 0 0 1 0 1 0 0 0 1 0 0 4 0 0 1 2 0 1 1 0 1 0 0 2 0 1 1 0 0 0 0 0 0 0 1 2 
0 3 0 1 0 1 1 0 1 2 1 1 0 1 0 1 0 1 0 2 1 2 0 1 1 3 3 1 0 2 3 0 2 0 1 0 0 0 1 1 1 1 1 1 1 1 1 2 2 1 0 1 0 1 3 1 1 3 1 0 0 0 1 0 0 0 0 3 2 2 1 0 0 1 0 4 1 0 0 2 0 1 1 1 1 0 3 0 0 0 1 0 1 1 1 2 0 0 0 0 
3 1 1 1 2 2 1 0 3 1 2 1 2 1 1 2 0 1 2 1 0 2 1 0 0 0 0 0 0 1 2 1 3 2 0 3 0 0 0 0 1 0 3 2 0 1 0 2 1 0 0 1 1 1 0 0 4 0 3 1 1 2 3 0 0 1 1 4 0 0 1 2 0 0 2 0 1 0 0 0 2 1 0 0 1 2 2 0 2 0 0 1 2 0 1 0 1 0 0 0 
1 1 1 1 3 0 0 0 0 0 0 0 1 1 2 0 1 3 0 1 1 2 0 1 1 2 0 2 2 2 0 1 0 2 1 1 1 0 0 0 1 1 2 1 0 0 0 1 0 1 0 0 0 2 0 3 0 1 1 0 1 2 1 0 1 0 2 0 1 1 1 1 0 1 2 1 2 1 4 1 0 0 2 1 3 2 0 1 1 0 2 1 0 1 1 0 1 0 3 1 
0 0 1 0 0 1 0 1 0 0 0 1 2 0 0 0 0 1 0 0 0 1 0 1 1 1 0 1 1 0 2 0 0 0 0 0 0 0 0 0 2 1 0 0 0 0 1 1 1 0 1 0 0 0 1 1 0 0 1 1 1 0 0 0 0 0 1 0 0 1 0 0 0 0 0 0 0 0 0 0 0 2 0 0 0 0 1 4 0 0 1 1 0 0 1 1 0 0 0 0 
0 0 0 0 1 0 0 1 0 1 1 0 0 0 0 0 1 0 0 0 1 0 1 1 0 0 1 1 0 2 0 0 1 0 1 0 0 0 0 1 0 0 0 1 1 1 0 1 0 0 0 0 2 0 1 0 0 0 0 1 0 1 0 0 2 0 1 0 0 0 1 0 0 0 1 0 0 4 0 0 0 0 0 1 1 1 1 0 0 1 0 1 0 0 2 0 0 0 0 2 
0 0 0 0 0 0 0 0 1 0 1 0 0 1 2 0 0 0 0 0 0 0 0 0 0 1 0 0 0 0 0 0 0 0 0 0 0 0 0 0 0 0 0 0 0 0 0 0 0 0 0 0 0 0 0 1 0 0 0 0 0 0 0 0 1 0 0 1 0 1 0 0 0 0 0 1 1 1 0 0 0 0 1 1 0 0 0 0 0 0 0 0 0 0 0 0 0 0 0 0 
1 1 1 0 0 0 0 0 0 0 0 0 0 0 0 0 0 0 0 0 0 0 0 0 1 0 0 0 0 0 0 0 0 0 1 1 0 1 1 0 0 0 0 0 0 0 1 0 2 1 2 0 0 0 0 0 1 0 0 0 0 0 1 0 0 0 0 0 0 0 0 0 2 1 0 0 0 0 0 0 0 0 0 0 0 0 0 0 0 0 0 0 0 0 0 0 0 0 0 0 
1 0 0 1 0 0 0 1 0 0 0 1 0 1 0 0 0 0 1 0 0 0 0 0 0 0 0 0 1 0 1 1 0 0 1 0 0 0 0 1 0 1 0 0 0 0 0 0 0 1 0 1 0 0 0 1 0 1 0 0 0 0 0 0 2 1 1 0 1 0 0 1 0 0 0 0 0 0 1 1 0 1 0 0 1 0 0 0 0 0 0 0 0 0 1 1 0 0 0 0 
0 0 1 2 0 1 1 1 1 0 3 2 1 1 0 3 1 1 0 1 1 1 1 0 1 0 0 1 0 1 1 1 3 0 1 1 2 1 0 1 1 1 1 1 1 0 0 1 1 1 1 2 0 0 0 1 0 2 2 1 1 1 0 0 1 0 2 2 2 0 1 0 1 0 2 3 0 2 2 1 1 1 0 1 0 1 3 1 2 2 1 0 0 1 2 1 0 1 1 0 
1 0 0 0 0 0 1 0 1 0 0 0 0 0 0 0 0 0 0 1 2 1 0 0 0 0 0 0 0 1 1 1 0 0 0 0 0 0 0 0 0 0 0 0 1 0 1 0 0 0 0 0 0 0 0 0 0 0 1 0 0 0 1 0 0 1 1 0 0 0 1 0 0 0 0 1 0 0 0 1 0 0 0 0 0 0 0 0 1 0 0 0 0 0 0 1 0 0 0 1 
1 0 1 0 1 0 1 0 1 1 1 1 0 0 0 1 2 1 1 1 0 0 0 0 0 1 2 0 0 0 1 0 0 0 0 0 0 1 0 0 1 0 0 0 1 1 1 1 0 2 0 0 0 0 0 0 1 1 1 0 0 0 3 0 1 1 2 0 0 1 0 1 1 0 2 1 0 0 1 0 1 0 0 0 0 1 1 2 1 0 0 1 1 0 0 1 0 0 1 0 
1 0 1 0 1 2 0 0 2 1 4 0 0 2 1 2 0 0 1 1 1 1 1 0 1 3 0 2 0 0 1 1 1 2 0 1 0 0 1 1 2 3 2 2 0 1 0 1 1 1 0 0 0 0 0 3 0 0 0 0 0 0 3 1 1 0 1 0 0 0 1 0 0 0 1 4 3 0 0 0 0 1 1 0 1 3 1 0 0 2 0 1 1 2 0 1 0 0 2 0 
0 1 1 0 1 1 1 0 0 0 2 0 1 1 2 0 1 0 1 0 1 0 0 1 2 0 0 1 1 0 4 0 0 1 1 0 0 0 0 0 1 0 1 1 1 1 1 2 0 1 1 0 2 1 0 0 0 0 1 0 0 2 0 1 0 0 0 0 1 1 0 1 0 0 0 1 3 3 0 3 1 1 1 0 1 1 2 0 1 2 1 2 1 1 2 1 0 0 0 0 
0 0 1 1 0 1 1 1 2 2 0 0 1 0 0 1 0 2 1 0 1 0 0 0 0 1 1 1 2 0 2 1 2 1 1 0 0 2 1 1 0 0 1 0 1 0 0 0 2 1 1 0 2 1 1 1 0 1 1 1 1 1 3 1 2 1 0 0 1 1 0 0 2 0 0 0 0 1 1 0 0 0 0 1 3 1 2 0 1 3 3 0 0 1 1 0 1 2 0 1 
1 2 1 1 0 0 0 0 1 0 1 0 2 2 1 0 1 0 0 0 3 0 0 1 0 0 1 0 0 0 0 0 2 1 0 0 0 0 1 0 1 1 0 0 0 1 0 1 1 1 0 0 0 2 1 2 2 0 0 0 0 0 3 1 1 0 2 0 0 0 0 1 1 2 1 0 0 0 1 0 2 0 1 0 4 0 1 0 0 0 0 0 1 0 0 1 0 2 0 1 
1 0 3 0 0 2 1 0 2 2 0 0 1 0 2 0 0 2 0 1 2 0 1 0 2 0 2 0 1 3 1 0 1 1 0 0 1 1 2 2 1 1 0 0 2 2 3 0 1 1 0 2 1 1 0 0 3 0 1 1 1 1 4 0 1 2 1 0 0 2 1 1 2 1 2 2 1 0 0 1 0 0 4 2 0 1 1 1 1 0 1 1 0 1 2 0 0 1 0 0 
0 0 1 0 0 2 2 2 0 2 1 1 0 0 1 1 0 1 0 1 1 0 0 1 0 1 0 2 2 0 1 1 3 0 2 0 1 0 1 3 4 1 2 0 3 1 1 2 2 1 0 0 3 1 1 0 0 1 2 1 5 0 0 2 0 3 2 1 2 0 1 2 0 3 1 0 0 0 0 3 2 0 0 0 1 1 0 0 1 0 0 1 1 0 1 2 0 1 0 2 
0 0 0 0 0 0 0 0 0 0 0 2 0 0 0 0 1 0 1 0 0 0 0 0 1 1 1 1 0 1 0 1 0 1 1 0 0 0 0 0 0 0 0 0 1 2 0 1 0 0 0 1 0 0 0 0 0 0 0 0 0 0 1 0 0 0 0 0 0 0 0 0 0 0 0 0 0 0 0 2 0 0 0 0 0 0 1 0 0 0 1 1 0 1 0 1 1 0 0 0 
1 0 0 2 0 1 1 2 0 1 0 0 1 2 0 2 2 0 0 2 0 1 1 2 1 1 1 1 0 0 1 1 0 0 1 2 0 0 1 0 1 0 0 2 0 0 0 1 0 0 1 1 0 0 1 0 5 4 1 0 0 2 1 1 0 1 1 0 1 2 0 2 0 1 1 2 0 0 1 0 2 0 3 0 1 2 3 0 1 0 0 0 0 0 1 0 3 0 0 3 
1 2 0 1 0 2 2 0 2 1 0 0 2 0 1 1 1 1 0 1 0 0 0 0 0 2 1 1 2 4 0 0 0 1 0 0 1 1 1 0 0 1 1 3 0 1 0 1 1 1 2 1 0 2 1 1 2 3 2 0 0 0 1 1 1 1 3 2 0 0 2 0 1 1 0 0 0 0 0 0 1 1 1 2 0 0 1 0 2 1 0 1 0 0 0 0 0 2 0 0 
2 1 0 2 0 1 2 1 1 0 0 1 0 0 1 0 1 2 0 1 0 0 0 1 1 2 1 0 0 1 0 1 0 0 0 3 2 0 1 1 2 0 1 0 1 0 0 1 0 1 1 1 1 1 0 4 0 2 1 0 5 2 0 0 0 0 0 2 0 0 1 0 0 0 1 1 0 1 0 0 1 1 3 0 1 0 0 0 1 1 0 1 0 1 0 3 1 0 2 0 
1 2 0 1 1 0 0 0 0 0 2 1 0 2 0 1 0 1 0 0 0 2 0 2 1 2 0 1 0 0 1 2 3 1 1 0 0 3 1 0 0 0 3 1 0 2 0 0 0 1 3 0 0 1 1 1 1 0 0 0 1 3 0 0 3 1 1 1 0 2 0 0 0 0 0 0 0 0 2 1 0 0 2 1 0 2 0 1 3 2 1 0 0 0 1 0 1 4 1 1 
0 2 1 1 0 1 0 1 1 1 1 0 0 1 0 0 0 0 0 1 1 2 0 1 0 0 0 1 0 0 1 4 1 1 1 0 2 1 1 0 3 1 2 2 0 0 0 1 0 0 1 1 1 3 2 0 2 1 1 0 3 0 1 0 2 2 1 1 0 1 1 1 1 3 3 2 1 0 0 0 2 0 1 2 1 1 3 0 1 0 1 3 0 1 1 1 0 0 0 0 
2 2 1 2 1 0 1 2 2 0 1 0 1 0 0 1 0 1 1 1 0 0 1 4 0 0 0 1 1 0 1 1 1 0 1 1 1 2 1 0 1 2 1 1 0 4 1 0 1 0 0 1 1 0 0 0 1 0 0 0 1 1 0 0 1 0 1 1 0 0 2 0 1 2 0 3 0 1 1 0 1 1 1 1 4 2 0 2 0 0 1 0 2 1 1 0 1 0 0 0 
1 0 0 0 1 0 0 0 0 0 0 0 0 0 0 0 1 0 0 1 0 0 0 0 0 0 1 0 2 0 1 1 0 1 0 0 1 1 0 0 1 2 0 0 1 2 0 0 1 0 0 1 0 0 2 2 1 0 0 0 0 0 0 1 2 0 0 0 0 1 0 1 1 0 0 0 0 1 0 0 0 2 1 1 0 0 0 0 1 0 0 1 0 1 0 0 1 1 1 0 
2 1 0 2 1 1 0 1 0 0 0 0 0 0 1 1 0 1 3 0 0 1 1 1 0 1 3 1 1 0 0 2 2 0 1 1 1 2 2 1 1 1 1 0 1 0 0 3 0 0 1 2 0 2 3 1 0 1 0 2 1 0 1 0 0 2 0 0 0 1 0 2 2 2 0 0 0 3 1 0 0 0 2 1 1 0 0 0 0 0 1 1 1 0 1 1 0 1 0 0 
1 0 0 0 1 0 0 1 0 0 1 0 0 0 1 0 1 0 0 2 0 2 0 1 0 1 0 2 1 0 0 0 0 0 0 1 0 0 0 1 0 0 0 0 0 0 0 1 0 1 3 0 1 1 1 0 0 0 0 1 0 0 0 1 0 2 0 0 0 0 1 0 1 0 0 1 0 0 0 0 0 2 0 0 1 0 0 0 0 0 1 0 0 0 0 0 1 2 0 0 
1 1 2 0 0 0 0 1 0 2 0 1 0 2 0 0 1 1 1 1 0 0 1 0 1 0 0 0 0 0 2 1 0 1 0 1 0 0 1 0 3 1 0 1 2 0 1 0 0 2 0 1 0 2 0 1 1 1 0 1 2 0 2 0 3 0 0 3 0 0 1 0 0 0 0 0 0 1 1 2 1 1 1 0 3 0 1 0 0 0 0 1 1 0 1 0 1 2 0 0 
1 1 0 0 1 0 1 0 0 0 0 1 1 0 0 0 0 0 0 0 0 0 0 1 0 0 0 0 1 0 1 0 0 0 0 0 1 0 1 0 0 0 0 0 0 0 0 0 0 0 0 0 0 0 0 0 0 0 0 2 1 0 0 0 0 1 1 0 1 0 0 0 0 0 1 0 1 0 0 0 0 0 0 0 0 0 1 0 0 0 0 0 0 0 0 0 1 0 0 1 
1 0 2 2 1 1 0 1 0 0 1 0 1 1 0 0 0 0 2 1 0 0 0 0 0 1 0 1 0 0 0 0 0 0 1 0 1 1 0 1 0 0 2 1 1 0 0 0 1 2 0 1 1 0 0 0 0 0 0 1 1 1 0 0 1 1 1 0 1 0 0 0 1 0 0 1 2 0 0 2 0 0 1 1 0 0 1 0 2 0 1 0 0 0 2 0 0 0 1 1 
1 2 1 1 0 0 0 0 3 0 0 1 1 1 0 1 0 0 0 2 0 0 0 0 1 0 2 0 0 1 0 0 1 0 1 1 0 1 4 0 0 1 0 0 0 0 0 0 1 0 1 0 1 0 0 0 0 0 1 0 1 1 0 0 0 1 0 0 0 0 0 1 0 0 0 0 1 1 0 2 1 2 0 0 1 0 2 0 0 0 0 0 0 3 2 0 2 0 0 1 
1 0 1 0 0 1 1 1 1 0 0 0 2 1 0 0 0 1 1 0 0 1 0 0 0 0 0 1 0 1 0 0 0 0 0 0 0 0 0 0 1 0 1 0 0 0 1 1 1 0 0 0 0 0 0 0 0 1 0 2 0 0 0 0 0 1 0 1 0 0 0 0 0 0 0 0 0 0 0 0 1 0 0 0 1 0 0 0 0 0 0 0 0 0 2 0 0 0 0 0 
0 0 1 0 1 1 1 0 0 0 0 0 1 1 0 0 0 1 0 0 1 1 5 0 1 1 0 0 1 0 0 0 0 0 0 0 0 0 2 0 0 0 1 1 0 0 0 2 0 0 0 0 1 0 1 0 0 1 0 0 0 1 2 0 0 0 1 1 0 1 3 0 0 0 1 1 0 0 1 0 1 0 0 0 2 0 0 1 0 1 0 0 0 1 1 1 0 0 0 0 
1 1 1 0 4 0 1 0 1 1 0 0 0 3 1 0 1 1 0 1 2 1 0 1 0 0 0 2 2 1 1 2 2 0 0 0 1 1 0 1 1 1 0 0 0 0 3 2 1 2 0 0 0 0 2 0 1 2 1 2 0 2 1 2 1 0 0 1 0 0 2 0 0 1 3 2 1 0 1 1 1 0 0 3 1 1 1 0 0 0 0 0 1 1 0 1 2 2 2 1 
0 1 0 0 0 1 0 0 2 0 0 1 0 0 0 1 0 0 0 1 1 1 2 0 2 1 3 2 1 1 2 0 1 0 0 1 1 1 2 0 0 0 0 1 0 0 1 1 0 0 2 2 0 3 1 1 1 2 0 2 3 1 1 1 0 1 1 1 1 2 0 0 0 0 2 0 0 0 0 2 0 1 2 2 2 2 0 1 2 0 1 3 0 1 0 1 1 1 0 2 
3 1 1 1 0 0 0 0 0 1 0 0 1 1 0 0 1 0 1 1 1 0 0 0 0 0 0 0 0 0 0 0 0 2 0 0 1 0 2 0 0 0 0 0 0 0 0 1 1 0 0 1 0 2 0 1 0 1 0 0 1 0 1 0 1 0 1 0 0 0 1 0 0 0 1 1 0 1 0 1 0 0 0 0 0 0 0 0 0 0 1 0 0 0 2 0 0 0 0 2 
0 0 2 0 1 0 0 0 0 1 0 1 2 1 0 0 0 0 0 0 1 1 0 1 1 1 0 1 1 0 0 0 1 0 1 2 0 0 0 1 1 0 0 0 1 0 1 0 0 2 1 1 2 1 2 0 0 0 1 0 0 3 0 1 0 0 0 0 0 2 0 1 1 2 1 0 0 0 2 3 1 1 0 0 1 1 1 2 2 0 0 1 0 0 0 0 3 1 0 1 
0 0 0 0 1 0 0 1 1 1 0 0 0 0 0 0 0 0 0 0 0 1 1 0 0 0 0 0 0 0 0 1 0 0 0 0 0 0 0 0 0 1 0 1 0 0 0 0 0 0 0 0 1 0 0 0 0 0 0 0 0 0 0 0 0 0 0 0 1 0 1 1 0 0 0 0 0 0 0 0 0 0 0 0 1 0 0 2 0 0 0 0 0 1 0 0 0 0 0 0 
0 1 0 3 1 0 0 0 1 0 2 0 1 0 1 0 1 1 0 1 0 0 0 0 1 2 0 0 1 1 0 0 0 0 0 0 0 0 1 3 0 0 0 0 1 0 1 0 0 0 0 0 0 2 1 1 0 0 1 1 1 0 0 0 0 1 0 0 0 1 0 1 0 0 0 0 0 1 0 0 0 0 1 0 0 0 1 0 1 0 2 0 0 1 0 0 0 0 0 0 
1 0 2 2 0 1 2 0 1 1 1 1 2 1 2 0 2 1 1 1 1 1 0 0 1 3 0 0 1 0 1 4 2 1 0 0 1 1 1 2 1 1 0 1 1 2 0 2 1 0 0 0 1 2 1 1 4 0 0 0 0 1 1 0 1 0 0 0 1 0 0 1 1 0 1 0 0 0 1 0 1 0 1 0 0 0 1 0 1 1 1 0 0 0 1 1 1 2 0 0 
0 0 0 0 0 0 0 0 1 0 0 0 0 0 0 0 2 1 0 0 0 0 0 0 0 0 1 0 0 0 0 0 0 0 0 1 0 0 0 0 0 0 0 1 0 0 1 0 0 0 0 0 0 0 0 0 0 0 0 0 0 0 0 0 1 0 0 0 0 0 0 0 0 0 1 0 0 0 0 0 0 0 0 0 0 0 0 0 1 1 0 0 0 0 0 1 0 0 0 0 
1 0 0 0 0 0 0 0 0 0 1 1 0 0 0 0 0 0 0 0 0 0 0 1 0 1 0 0 0 1 1 0 0 0 0 0 0 0 0 0 1 0 1 0 0 0 1 0 0 2 0 0 0 0 0 1 0 0 0 0 0 0 0 0 0 0 1 1 0 0 0 0 0 0 2 0 0 2 1 0 0 1 1 0 3 0 2 0 1 1 0 0 1 0 0 0 0 0 0 0 
0 0 0 2 1 0 0 1 1 0 0 0 0 0 1 0 0 0 0 0 0 0 0 0 0 0 0 0 0 0 0 0 0 1 0 0 0 0 0 0 1 0 0 2 0 2 0 0 0 0 0 0 0 1 0 1 0 1 0 0 0 0 0 0 1 0 1 0 1 0 1 1 1 0 1 0 0 0 0 0 0 0 1 1 0 1 1 0 0 1 0 0 0 0 1 1 1 1 0 1 
0 1 1 1 1 0 0 0 1 0 2 1 1 0 0 0 0 0 1 1 0 0 1 0 0 0 0 1 0 0 0 2 2 1 2 0 0 0 1 0 3 1 0 0 1 0 0 0 0 0 1 0 2 0 0 2 0 1 0 0 1 1 1 0 0 0 1 0 1 0 0 0 2 1 1 0 0 0 1 0 1 0 1 0 1 0 2 0 1 0 1 1 2 0 2 0 1 1 0 2 
0 0 2 0 0 3 0 0 2 1 0 0 0 0 1 0 1 0 0 0 0 2 0 0 0 2 2 0 0 1 1 0 2 0 1 1 1 0 0 1 1 1 0 0 1 2 1 0 1 0 0 0 0 0 1 0 1 0 1 0 0 1 0 0 0 0 0 1 0 0 0 0 0 1 1 1 0 1 0 1 0 1 0 0 0 0 0 1 0 0 0 2 1 0 0 1 0 0 1 1 
1 2 0 0 2 0 0 1 0 1 2 2 1 1 1 1 0 0 0 1 0 1 1 1 0 1 1 0 0 0 1 0 1 1 2 0 0 0 1 2 0 1 3 2 1 0 1 0 0 0 0 2 1 2 1 0 0 0 0 1 1 1 1 2 1 1 1 0 2 0 1 2 2 0 1 1 0 1 2 3 1 0 0 1 1 1 0 1 1 0 0 0 2 1 0 1 0 0 1 1 
1 0 2 0 2 0 0 1 0 1 0 0 0 0 0 0 2 1 2 0 0 1 0 1 0 1 0 0 0 1 1 0 1 1 1 0 2 0 2 0 0 1 0 0 0 0 1 1 1 0 1 1 2 1 2 1 0 0 1 0 2 0 0 1 2 0 0 2 0 0 1 1 0 0 1 0 0 1 0 1 1 1 1 1 2 1 0 1 0 0 1 1 1 1 0 0 0 0 0 2 
1 1 1 0 1 0 1 1 1 2 1 0 1 1 1 0 1 1 0 1 2 2 1 0 1 3 1 2 0 3 1 1 0 0 0 1 1 1 2 1 0 0 0 1 2 1 2 0 0 1 0 1 0 0 0 1 1 1 0 0 0 1 1 0 0 1 0 1 1 0 2 1 0 3 0 0 0 0 0 2 1 1 2 2 0 0 3 0 1 1 1 3 0 2 2 0 2 0 0 0 
0 0 0 0 0 0 0 0 0 0 0 0 0 0 0 0 1 0 0 0 0 0 0 0 0 1 0 0 0 0 0 0 0 0 0 0 1 0 0 0 0 0 0 0 0 0 1 0 0 2 1 0 0 0 0 1 0 0 0 0 0 1 0 0 1 0 0 0 0 0 0 0 0 0 2 0 0 0 0 0 0 0 0 0 0 0 0 1 1 0 0 1 0 0 1 0 0 0 0 0 
0 0 4 1 1 0 0 0 1 0 0 0 1 1 0 0 1 0 1 2 1 0 0 1 2 2 0 1 0 3 1 1 1 1 1 0 0 2 0 0 0 1 1 0 0 2 1 1 0 0 2 2 0 0 0 1 1 0 2 2 1 2 2 2 1 2 1 0 0 0 0 0 1 0 0 1 0 0 0 0 0 0 1 0 1 2 0 0 0 0 1 0 1 0 1 1 1 1 0 0 
1 0 0 1 0 1 0 0 2 1 0 0 0 0 2 0 2 2 1 0 1 0 0 1 3 2 1 0 0 0 0 1 0 1 1 0 0 0 0 0 0 0 1 2 1 1 0 2 1 1 0 1 0 1 0 0 1 1 0 0 2 0 2 1 0 0 0 0 0 1 0 0 1 1 1 0 1 0 1 0 1 0 1 1 0 3 1 1 1 0 0 0 0 0 0 1 0 0 0 0 
2 0 1 1 0 1 0 1 1 0 0 0 0 1 0 0 1 0 2 1 2 0 1 0 2 1 2 0 2 0 2 2 1 1 0 1 1 1 1 0 1 2 0 3 0 1 0 0 1 0 0 1 1 1 2 2 0 1 2 2 0 1 0 0 0 1 1 1 0 3 2 0 0 2 1 2 0 1 1 2 0 0 0 1 1 2 0 1 2 1 2 0 1 2 0 1 3 1 0 3 
0 0 0 2 0 0 0 1 0 1 0 0 0 1 1 0 0 0 0 1 0 1 0 0 0 0 0 0 0 1 0 0 0 0 0 0 0 0 0 0 0 0 0 0 0 2 0 1 0 0 0 0 0 1 0 0 0 1 0 0 0 1 0 1 0 0 0 0 0 0 0 0 0 0 0 0 0 0 1 2 0 0 0 0 1 0 0 1 0 0 0 0 0 0 0 0 0 0 1 0 
1 0 0 0 1 0 0 0 3 1 0 0 0 0 0 0 1 1 0 1 0 1 1 0 2 0 0 0 0 0 0 0 0 1 1 1 1 1 0 1 2 0 1 0 0 0 1 0 0 1 2 1 0 0 1 0 0 0 0 0 0 0 0 1 0 0 0 0 1 0 0 0 0 0 0 0 1 1 0 1 0 0 0 0 0 0 1 0 1 0 0 0 2 1 1 0 0 0 0 0 
0 0 0 0 0 0 0 1 0 0 0 0 1 3 1 0 0 1 0 0 3 0 0 0 0 0 1 1 1 2 2 0 0 0 1 0 1 0 1 0 1 0 0 0 0 1 0 1 1 1 1 1 0 1 1 0 0 1 2 0 0 0 0 0 1 0 1 0 1 0 1 0 1 0 1 0 1 1 1 0 1 0 0 0 1 1 1 0 0 1 0 0 2 2 0 3 0 0 1 1 
1 1 0 0 0 0 0 2 1 0 0 1 1 0 1 0 0 1 1 1 0 1 1 1 1 1 0 1 1 3 2 2 0 2 2 0 0 0 3 0 0 0 1 0 4 0 0 1 0 3 0 0 1 0 0 0 1 0 1 0 1 1 2 1 0 0 0 1 1 0 0 1 1 1 1 1 0 0 1 0 0 2 0 3 1 1 1 2 1 0 0 0 3 0 0 0 0 1 0 0 
1 0 0 0 0 2 0 0 0 1 0 0 2 0 2 1 1 1 2 0 1 2 3 1 0 3 1 0 2 3 0 2 0 1 0 3 1 1 1 1 2 4 0 0 1 2 0 0 1 1 0 2 2 0 2 0 1 0 2 0 2 0 4 1 1 0 0 0 1 1 0 0 4 1 2 1 0 0 1 0 0 0 0 0 1 0 0 0 1 0 1 1 2 1 2 0 0 2 1 2 
