50
25 16 24 15 25 29 25 15 26 23 16 19 23 17 18 17 22 21 25 17 23 23 20 16 19 17 18 17 16 20 28 10 24 15 21 26 21 20 14 18 21 16 23 22 17 24 22 14 23 14 
10 7 5 5 6 4 3 6 10 10 1 6 2 10 8 1 6 9 4 4 6 2 10 2 10 4 7 9 1 9 2 1 4 10 5 4 6 8 2 2 8 10 9 6 6 10 1 7 6 7 
100
1 0 0 0 1 0 2 1 3 1 1 2 0 2 0 2 2 1 0 1 0 2 0 1 1 0 2 2 0 1 1 0 1 0 1 0 1 0 1 0 0 2 1 0 3 0 1 1 0 0 
0 0 0 0 0 0 0 0 0 0 0 0 0 1 0 0 0 0 0 0 2 0 0 0 0 0 0 1 0 0 1 0 1 0 0 1 0 0 0 0 0 1 0 0 0 0 1 0 1 0 
2 0 4 0 3 1 1 3 2 0 1 0 0 1 2 1 0 0 1 0 1 3 1 0 0 1 0 0 2 2 1 1 1 0 0 0 0 1 1 1 2 3 2 0 1 2 0 0 1 0 
2 0 1 1 2 2 1 0 0 2 4 1 0 3 0 1 2 1 3 2 3 2 2 3 1 0 5 1 0 1 0 0 3 2 0 1 4 2 2 0 0 2 1 1 0 4 4 2 0 1 
2 0 1 0 1 4 2 1 3 0 1 1 3 1 1 2 4 1 1 0 1 2 2 1 1 1 2 1 3 3 0 1 3 0 2 1 0 3 0 1 1 0 0 3 2 1 4 2 4 2 
1 0 2 2 2 2 1 1 3 4 3 2 2 4 3 2 0 2 1 4 2 0 3 4 1 0 1 0 3 1 4 1 3 0 1 2 4 4 1 2 4 4 3 1 0 2 0 1 2 2 
0 1 0 0 0 0 1 1 1 1 0 1 0 0 0 0 0 1 0 0 0 0 0 0 0 0 0 0 0 0 2 0 0 0 0 2 1 0 1 0 0 0 0 1 0 1 0 0 1 1 
2 1 1 1 3 0 3 1 1 0 3 1 1 3 2 1 1 1 0 2 4 2 4 0 0 0 1 4 3 1 1 3 0 1 0 1 0 2 1 0 2 5 1 0 3 2 3 1 0 3 
3 1 0 0 2 1 1 1 1 0 3 1 1 2 1 2 1 2 2 0 0 2 2 1 0 1 0 1 2 3 0 1 2 1 1 1 0 1 4 1 0 4 3 5 2 1 2 1 4 1 
1 1 2 0 0 0 0 0 2 1 1 1 0 1 1 0 0 1 0 0 0 2 2 0 0 0 2 1 2 2 0 1 0 3 4 0 2 4 2 0 1 0 0 0 3 1 0 0 2 3 
1 0 0 0 1 0 0 2 1 1 2 0 2 1 1 3 0 3 1 0 1 2 0 2 3 0 0 1 1 1 1 0 0 0 0 1 0 0 0 3 1 0 0 0 0 0 1 0 1 2 
1 0 1 0 0 2 1 2 0 0 1 1 0 0 0 1 0 0 1 1 0 0 0 0 1 0 0 1 3 1 0 1 0 0 0 1 0 0 0 0 0 1 1 2 1 0 2 1 0 0 
0 0 1 0 0 0 0 1 2 0 0 2 1 0 2 2 0 1 0 0 0 0 0 0 2 1 1 1 1 1 0 0 0 1 0 1 0 0 2 1 0 0 0 0 0 0 1 1 1 1 
3 2 2 0 3 2 1 1 4 1 1 1 1 2 3 1 1 2 2 2 1 3 1 2 2 3 4 2 1 3 2 4 0 2 3 0 3 0 0 2 4 2 5 1 3 1 1 3 3 2 
0 0 1 1 1 0 1 0 3 1 2 1 1 0 0 1 1 2 0 1 1 1 0 1 0 2 0 1 2 2 1 0 1 3 2 1 0 2 0 0 2 0 1 0 1 1 3 2 0 2 
1 1 3 0 1 0 0 2 1 0 1 0 0 1 0 0 1 0 1 0 2 2 0 1 1 0 0 0 2 1 1 1 3 0 2 0 0 1 0 0 1 0 0 1 1 0 0 0 0 0 
0 1 1 4 2 0 1 1 0 0 0 1 0 0 2 1 0 0 1 1 0 1 3 1 0 1 0 0 0 1 0 1 1 1 0 1 0 0 1 0 1 0 1 0 0 0 1 0 0 3 
0 0 1 1 0 0 1 2 0 0 1 1 1 2 0 1 1 1 1 1 0 1 1 0 3 0 0 0 0 0 3 2 1 4 2 0 0 0 0 1 0 3 2 1 0 2 2 0 2 0 
0 0 1 0 0 0 0 1 1 0 1 0 0 2 1 0 0 1 1 0 2 0 1 0 0 0 0 0 1 0 0 0 0 0 0 0 0 0 3 0 1 0 1 1 0 0 0 0 0 0 
0 0 0 0 0 0 1 1 0 0 0 1 0 0 0 0 0 0 1 1 2 1 2 1 1 0 0 0 1 0 0 0 0 1 0 1 0 0 1 0 0 0 1 0 0 0 0 2 0 2 
2 3 3 1 4 2 2 0 1 4 1 3 1 2 2 0 1 3 3 3 1 3 0 2 2 1 3 0 1 3 5 1 1 2 3 3 4 1 3 3 5 0 1 1 3 2 0 1 1 2 
0 0 0 1 1 0 0 0 0 2 0 0 0 2 1 0 0 2 1 0 1 1 0 0 1 1 1 1 1 2 0 1 0 0 0 0 1 0 1 0 0 1 1 0 0 0 0 4 0 1 
0 1 2 2 0 1 1 1 0 0 2 0 2 0 1 2 1 4 0 0 2 0 1 1 1 0 1 1 0 2 0 0 0 1 1 0 0 0 1 0 1 1 0 2 2 1 2 1 0 1 
0 0 2 1 0 0 0 1 2 1 3 4 0 1 3 1 0 0 0 1 0 4 1 0 1 1 3 3 4 1 2 1 2 1 0 3 1 2 2 1 1 0 0 1 1 1 1 3 0 0 
2 2 2 0 1 2 3 2 1 0 2 2 0 1 1 0 2 0 2 0 3 0 1 1 2 3 2 4 2 5 4 2 1 0 1 1 3 1 4 0 3 1 2 0 1 1 2 1 2 0 
1 0 0 0 0 0 1 0 0 1 2 0 1 1 0 0 0 1 0 0 0 0 1 1 0 0 0 0 1 0 1 0 0 2 0 0 1 0 0 0 0 0 0 0 0 2 0 0 0 0 
0 1 0 1 1 2 0 0 2 1 1 3 3 0 2 2 0 1 3 0 0 3 2 1 0 2 3 0 1 3 1 2 2 2 2 1 4 1 1 1 2 1 1 5 2 1 1 0 0 0 
3 2 0 2 1 0 1 3 4 0 0 0 1 1 4 1 3 1 0 2 2 3 3 2 1 2 1 4 1 1 2 2 0 1 1 0 1 0 1 2 1 0 0 1 3 1 0 3 1 1 
0 2 1 1 1 1 1 1 0 2 2 2 0 0 0 1 0 0 2 1 1 1 1 1 0 1 1 1 1 3 0 1 0 1 1 0 1 1 3 1 0 0 0 0 2 0 1 0 0 0 
1 1 3 0 2 0 0 0 1 1 2 0 0 0 2 1 1 2 0 0 0 0 1 2 1 1 3 2 2 0 0 0 4 3 1 0 1 2 1 2 1 0 1 0 2 1 1 2 1 1 
1 0 0 0 3 0 0 0 0 2 0 0 0 2 1 1 1 1 2 3 0 1 2 0 1 0 0 2 1 2 1 1 0 3 0 0 1 1 1 0 2 0 0 4 2 0 0 1 0 0 
0 0 1 0 0 1 0 1 1 0 0 3 0 0 0 1 1 0 1 0 0 0 0 0 0 0 0 1 0 0 0 0 2 0 0 0 1 1 1 0 0 0 1 0 0 1 0 0 0 0 
2 0 0 1 0 1 0 0 0 0 0 0 0 2 1 0 1 1 0 1 2 2 1 0 1 0 0 0 0 0 1 1 0 0 0 1 1 0 1 0 0 0 0 0 0 0 0 0 1 0 
4 1 1 1 1 2 2 0 2 1 1 7 1 3 2 2 0 0 1 0 3 1 0 1 0 1 0 2 1 1 3 1 0 4 4 0 2 2 0 0 0 0 0 1 4 3 0 2 3 0 
2 0 3 2 2 1 2 2 0 1 1 1 2 2 3 1 1 3 0 1 3 3 2 2 0 3 0 3 4 0 1 0 2 1 3 3 3 1 0 1 1 2 1 5 4 1 5 0 3 4 
3 1 2 1 4 0 3 2 0 4 2 2 2 2 1 3 3 3 1 1 4 1 1 2 1 2 2 3 3 5 1 0 1 5 0 0 0 6 0 2 1 1 3 0 3 3 1 2 4 3 
0 1 0 1 0 0 0 0 0 0 0 0 1 0 0 1 0 0 1 0 0 1 1 0 0 1 0 0 0 0 0 0 0 1 0 0 0 0 1 0 0 0 0 0 1 0 0 0 0 0 
0 1 1 0 1 0 0 0 1 1 0 3 1 2 3 0 1 1 1 0 0 1 2 0 0 1 0 1 1 0 1 0 0 1 0 1 0 0 2 2 0 0 2 2 1 2 2 0 3 0 
0 0 1 0 0 1 0 0 1 0 1 0 0 0 1 0 1 1 0 1 1 0 0 0 0 0 0 1 1 1 0 0 0 0 0 0 0 0 2 0 1 0 1 0 0 0 3 0 2 3 
1 0 0 3 3 2 0 4 3 2 2 1 4 1 2 1 2 2 1 2 0 0 2 0 6 0 2 2 3 0 0 1 2 1 2 0 1 1 1 1 1 2 1 1 1 1 0 2 1 0 
0 2 2 2 1 3 0 1 2 1 3 0 3 3 0 1 0 1 1 0 0 1 2 1 1 2 1 1 0 0 0 0 0 1 1 0 2 1 0 1 0 1 1 0 0 0 1 1 0 1 
0 1 2 2 2 6 3 1 0 2 0 2 0 2 2 0 0 2 0 1 1 2 0 0 1 1 0 1 0 3 4 2 0 2 1 2 2 1 0 1 5 0 0 1 0 1 0 2 0 3 
0 0 0 0 0 0 0 0 0 0 0 0 0 0 0 0 0 1 0 1 0 0 0 1 0 0 0 1 1 1 0 0 0 1 1 0 0 0 0 0 1 1 0 0 0 0 1 0 1 0 
2 1 1 1 1 2 0 1 0 2 1 2 1 0 3 3 0 1 1 1 0 1 0 0 1 1 0 2 0 2 0 1 1 2 0 2 1 2 0 1 0 1 1 0 1 1 1 1 2 1 
0 1 1 0 0 1 0 1 2 1 1 0 2 1 1 1 0 1 1 0 1 0 1 0 1 0 2 0 1 2 5 0 1 3 3 2 1 1 1 1 2 1 0 4 1 3 1 2 3 1 
2 0 2 1 0 2 1 1 2 0 3 0 3 0 0 1 1 0 2 0 0 1 1 4 3 0 1 0 1 3 0 3 2 1 1 1 3 2 0 0 1 0 0 1 1 1 0 0 2 2 
0 1 3 0 1 0 0 1 1 0 1 0 1 0 4 2 0 1 0 0 1 2 1 2 1 3 0 1 1 3 0 1 1 0 1 1 1 3 2 0 1 4 1 1 3 2 2 2 1 0 
1 2 1 1 2 1 2 1 0 2 3 3 1 2 1 2 2 1 1 4 1 5 2 3 2 3 2 2 1 0 0 4 4 2 1 1 1 0 2 2 2 0 0 2 2 1 0 2 5 1 
0 0 0 0 0 1 0 0 0 1 2 0 0 0 1 0 0 1 1 0 0 0 0 1 1 1 1 0 0 2 3 0 0 0 1 0 0 2 0 1 1 0 2 0 1 0 0 1 0 0 
0 2 3 1 1 0 1 3 3 1 1 2 0 2 2 5 2 1 1 1 2 5 0 2 2 4 1 1 1 1 2 2 3 3 2 1 0 4 1 2 1 2 1 1 0 2 3 4 1 5 
2 1 2 3 3 2 0 4 1 0 3 2 0 2 3 1 2 2 1 1 2 1 0 0 2 2 1 3 4 2 0 0 0 2 1 1 2 0 3 1 1 0 2 1 2 1 3 1 1 0 
0 0 0 0 0 0 1 1 1 0 0 0 0 0 0 0 0 0 0 1 0 0 0 0 0 0 1 0 0 1 0 0 0 1 0 1 0 1 2 1 0 1 1 2 0 0 0 0 0 0 
4 2 4 1 3 1 3 2 3 1 2 2 1 0 1 1 2 5 3 4 1 1 1 2 1 1 3 2 4 1 2 1 0 1 1 5 4 2 1 1 2 0 1 1 4 2 3 2 4 1 
0 1 2 0 1 3 1 3 1 1 2 0 0 0 3 0 1 0 2 1 0 0 2 4 1 0 2 0 1 0 2 0 0 1 1 1 0 0 1 0 0 2 0 0 1 1 4 3 1 1 
1 0 0 1 0 0 1 0 0 0 1 0 2 1 0 0 1 0 1 2 1 1 1 1 1 0 2 1 0 2 1 0 0 1 1 1 1 1 0 0 0 0 0 0 2 1 0 0 0 0 
1 0 2 3 2 2 0 2 0 2 2 2 0 1 0 3 1 4 2 1 0 4 1 0 0 2 0 3 0 0 1 2 1 3 2 3 2 2 2 3 2 2 3 1 2 4 0 1 1 1 
0 0 1 0 0 1 2 1 0 0 1 0 1 1 0 2 0 2 0 2 0 1 0 2 0 1 1 0 1 0 1 2 0 1 0 2 1 1 0 2 1 2 2 1 0 1 1 1 0 0 
0 0 1 2 0 0 0 0 2 1 0 1 0 0 3 1 0 0 0 1 0 0 2 0 0 0 0 1 0 0 2 0 0 1 0 0 0 0 0 2 0 0 1 1 1 0 2 1 2 1 
1 2 0 3 3 3 4 1 2 0 1 3 2 4 1 2 2 0 0 1 1 3 2 0 2 3 0 1 0 1 2 5 2 1 5 0 1 0 1 0 0 3 1 0 2 0 2 0 3 2 
2 2 1 1 1 0 1 3 2 3 1 1 4 1 0 1 3 0 1 1 1 3 0 1 1 0 0 1 1 4 1 1 2 3 2 0 3 0 1 3 2 3 0 1 2 3 4 0 0 1 
0 2 0 1 1 1 0 1 0 1 0 0 0 1 2 1 0 1 1 2 0 0 0 0 0 0 0 0 0 0 1 0 1 0 0 0 1 2 0 2 0 1 1 1 0 0 1 0 0 1 
1 1 0 0 1 0 1 0 0 1 1 0 1 1 0 2 0 2 0 1 0 0 1 1 0 1 0 0 0 0 0 0 1 2 0 0 0 1 0 0 0 2 2 0 0 0 0 0 1 1 
1 0 0 0 2 0 0 1 0 0 0 1 1 0 0 0 0 0 0 1 0 0 0 0 0 0 0 0 0 0 0 1 0 0 1 0 0 0 0 1 0 0 0 2 1 1 0 0 0 0 
3 3 1 1 0 3 2 3 4 1 1 1 3 3 1 2 1 2 0 2 4 4 2 1 2 3 2 0 2 2 4 1 5 2 2 0 0 0 4 2 2 0 1 3 1 2 2 4 3 3 
1 0 3 2 2 2 4 0 2 0 1 2 1 1 4 1 2 2 2 2 1 2 0 0 1 0 1 0 1 1 0 0 0 1 2 0 1 2 1 4 0 3 2 1 1 1 1 0 4 2 
1 2 0 0 2 3 1 1 1 0 3 1 1 0 0 0 1 5 2 1 3 0 1 0 2 3 0 2 0 0 0 1 1 1 1 0 4 0 2 0 0 0 4 2 2 2 0 2 1 1 
3 4 1 1 2 1 1 0 3 2 3 1 3 1 2 1 4 1 3 1 1 3 0 0 1 3 1 0 1 1 1 2 0 2 0 1 1 1 2 2 3 5 5 1 1 1 1 0 3 4 
1 2 3 1 3 1 1 0 1 3 1 1 2 0 0 1 0 2 3 0 1 2 1 1 1 1 1 2 2 0 1 2 0 2 0 2 0 1 3 0 1 2 1 1 3 0 0 1 1 0 
3 1 0 0 0 1 2 0 1 0 0 0 1 2 1 1 2 1 3 0 0 1 2 1 0 0 2 0 1 1 0 1 1 1 1 2 2 0 1 0 0 0 3 0 1 3 0 0 1 0 
1 0 0 0 1 1 2 2 0 0 1 1 0 1 0 1 0 0 2 3 2 0 1 1 1 2 0 1 1 1 2 0 1 0 1 0 1 0 1 0 1 1 0 0 1 1 0 0 0 0 
1 3 2 3 1 1 2 0 3 1 1 2 1 1 3 0 3 3 1 0 3 2 2 0 2 0 4 2 0 1 1 0 0 4 3 2 1 1 3 2 2 0 1 0 1 1 4 2 0 3 
1 2 0 1 0 4 2 0 1 1 0 2 0 1 1 1 0 2 0 0 0 0 1 0 0 2 0 1 2 1 0 1 0 1 1 0 3 2 0 1 3 2 0 0 3 1 3 1 0 0 
1 1 2 4 0 1 1 2 2 1 2 1 1 4 6 2 1 1 1 1 1 1 3 2 0 3 3 3 3 1 1 1 1 0 4 2 4 2 1 2 3 2 0 1 1 1 1 1 3 2 
0 1 0 0 0 0 0 0 1 1 1 1 0 0 0 0 1 0 0 0 0 0 0 0 1 0 0 1 0 0 0 2 0 2 0 0 1 0 0 0 0 0 1 0 0 0 1 0 0 1 
0 1 1 0 1 0 1 2 0 1 1 3 0 2 2 1 1 2 2 1 1 2 0 1 2 0 2 1 3 3 1 2 1 1 0 1 2 3 1 1 0 1 0 1 1 1 1 0 1 0 
1 2 2 4 2 0 2 0 4 3 3 2 1 2 1 0 3 1 1 3 2 2 2 1 1 3 0 2 2 2 6 2 2 0 0 1 2 1 2 2 1 6 3 2 2 1 1 2 3 2 
0 2 1 4 1 0 2 1 1 1 1 0 0 3 3 3 1 2 3 3 2 1 3 0 1 0 4 4 2 1 1 2 2 0 1 4 4 2 0 1 1 2 1 2 1 2 3 0 1 5 
0 0 0 0 1 1 0 0 0 0 0 0 1 2 0 0 1 2 0 1 0 0 1 0 2 0 0 3 0 0 0 0 0 0 0 1 1 0 1 0 3 1 0 0 1 1 0 1 2 0 
1 3 2 2 1 0 3 1 2 3 3 3 1 2 1 7 2 1 2 3 2 2 2 3 1 1 3 3 1 0 1 1 3 1 2 2 3 1 0 2 1 3 1 2 1 2 3 2 1 2 
0 1 0 0 0 1 0 0 0 0 0 0 0 1 0 1 2 1 0 0 0 0 0 0 0 0 0 1 0 0 0 0 0 0 2 1 1 0 0 0 0 1 0 0 0 1 0 0 0 0 
0 1 0 0 0 1 0 1 1 1 0 0 1 0 1 1 2 0 1 1 0 1 0 1 0 0 0 0 0 0 0 1 1 1 1 0 1 0 1 0 0 1 0 0 1 0 0 1 0 1 
0 0 0 2 0 1 2 0 0 1 2 2 0 0 1 1 0 1 0 0 2 0 1 0 1 0 0 0 0 0 1 0 0 0 1 0 0 0 1 0 0 0 0 0 0 0 0 2 1 2 
2 3 3 1 7 1 2 3 2 2 1 1 1 2 3 1 0 0 2 4 2 0 2 2 1 1 1 2 1 0 3 1 1 3 0 1 2 0 1 4 1 5 3 3 1 3 1 3 1 1 
1 1 3 0 3 1 2 0 0 2 3 3 0 0 1 1 2 2 3 0 2 0 0 0 0 1 2 3 0 0 4 3 1 0 0 0 3 0 2 0 1 1 4 0 3 2 0 0 1 2 
0 0 1 2 0 0 0 0 1 2 1 0 1 1 0 0 2 2 1 1 0 0 1 1 0 0 0 1 1 0 1 1 0 0 2 3 0 0 0 0 0 1 0 1 1 0 2 1 0 2 
1 1 1 1 0 2 0 0 2 2 4 1 1 0 0 1 1 0 1 0 1 3 0 0 0 2 2 0 1 0 1 1 0 4 3 0 0 1 0 0 2 2 1 2 0 0 1 2 4 2 
3 2 5 0 3 1 3 0 1 2 4 0 0 2 1 2 1 3 1 0 1 0 3 0 2 0 0 1 1 1 1 1 0 2 2 2 1 1 2 0 0 0 0 2 1 1 2 2 2 1 
1 0 0 0 0 0 0 2 0 2 0 0 0 0 0 0 0 0 0 0 1 1 1 0 0 0 0 1 1 0 1 0 0 4 0 0 0 0 0 1 0 0 2 0 2 0 1 1 0 1 
1 1 2 1 4 0 3 3 4 1 1 2 4 2 1 3 2 1 4 2 2 2 1 0 0 2 0 2 1 1 1 2 1 1 1 2 0 0 3 2 3 1 3 1 2 5 0 2 2 2 
0 1 1 0 1 0 0 0 1 1 0 0 1 1 0 0 1 0 0 0 0 2 1 1 2 0 0 0 0 0 0 0 0 1 0 3 1 3 0 1 2 0 0 0 0 0 1 0 0 1 
0 2 0 3 2 1 1 1 3 2 1 3 2 1 1 0 2 2 1 0 0 1 2 0 4 2 2 2 1 3 1 1 1 1 3 1 1 1 4 2 2 2 0 2 1 0 2 3 0 2 
3 1 0 2 2 4 1 2 3 4 1 3 1 0 2 0 1 3 2 2 1 0 4 3 1 1 0 2 2 1 2 1 1 1 2 2 3 4 0 2 2 2 3 1 1 1 2 1 2 0 
2 2 0 1 0 0 0 1 0 2 1 0 1 4 0 1 3 3 2 1 0 4 3 2 0 3 2 0 1 1 4 1 1 0 3 0 4 1 1 2 1 1 2 0 2 3 4 0 1 1 
2 0 2 4 2 1 1 1 1 3 2 0 2 0 1 2 1 2 4 0 3 0 0 0 0 1 1 1 0 1 0 1 1 0 1 1 1 0 1 0 2 2 2 1 1 3 2 1 1 1 
0 0 0 1 2 2 1 3 0 0 0 2 1 0 0 0 0 1 1 1 1 4 0 0 1 1 0 1 1 0 2 1 2 1 0 0 2 1 0 0 0 1 2 1 0 1 0 0 0 0 
0 0 1 0 2 1 2 0 1 1 0 1 0 0 0 0 0 2 0 2 1 1 1 0 3 0 0 2 0 0 2 0 0 0 1 2 0 1 0 0 2 2 0 2 2 3 2 2 1 1 
2 5 2 2 0 1 2 2 1 1 2 2 0 4 1 4 2 5 1 2 2 1 2 0 1 5 0 3 0 3 1 2 2 4 1 1 2 1 0 5 2 1 2 2 3 3 1 4 0 1 
2 1 1 4 0 1 3 0 0 3 1 0 1 0 2 0 4 1 2 0 5 2 1 4 1 1 2 1 2 2 1 1 0 0 2 2 2 2 3 2 2 0 1 0 0 0 0 2 0 0 
3 0 0 2 0 0 0 0 0 0 0 0 0 0 0 0 0 4 0 0 0 0 0 0 2 0 0 1 1 2 0 1 0 0 1 0 0 0 1 0 0 0 0 0 0 0 0 1 1 1 
2 0 1 1 1 0 0 0 0 0 0 1 0 0 0 1 0 2 0 1 0 1 0 2 1 1 1 2 1 2 3 1 2 1 0 1 0 0 2 0 1 1 1 2 2 0 3 1 1 0 
