100
15 18 25 18 30 14 24 13 18 28 26 19 27 20 17 21 27 20 12 18 25 21 18 17 24 25 20 24 19 17 13 20 28 15 14 21 17 8 27 29 14 17 9 19 15 21 17 21 14 28 29 16 23 19 25 15 26 17 13 20 13 35 23 24 18 19 24 13 8 25 18 16 30 22 22 17 21 28 24 23 16 25 17 13 13 10 17 23 17 17 28 24 26 25 19 19 19 17 21 21 
10 6 3 7 2 5 6 1 9 4 7 3 2 3 1 9 10 9 7 5 10 3 2 1 10 9 5 1 7 10 10 2 8 7 5 8 5 9 2 3 3 1 3 2 1 7 8 4 8 2 1 8 9 3 8 10 6 4 8 6 2 9 3 6 3 4 10 7 9 10 2 5 9 9 9 2 7 1 3 10 4 10 4 9 7 2 4 6 2 8 8 3 6 10 8 9 6 10 6 2 
100
0 0 0 0 0 1 0 0 0 0 0 1 0 0 1 0 0 0 1 0 1 0 1 0 0 1 2 0 0 0 1 0 0 0 1 0 1 0 0 0 1 0 0 0 0 0 0 0 0 0 0 0 0 1 0 0 0 1 0 0 0 0 0 1 0 0 0 0 1 0 0 0 0 0 0 0 0 0 1 0 0 0 0 0 0 0 0 0 0 0 1 0 0 0 0 0 0 0 0 0 
0 0 0 1 1 0 0 0 0 0 1 0 0 0 0 0 0 0 0 0 0 0 0 0 0 0 0 0 0 0 0 0 0 0 0 0 0 1 0 0 0 0 0 0 0 0 1 0 0 0 0 0 0 0 0 0 0 0 0 0 0 0 0 0 0 0 1 0 0 0 0 0 0 0 0 0 0 1 0 0 0 0 1 0 2 0 0 1 0 0 1 0 0 0 0 0 0 1 0 0 
0 0 2 1 1 3 1 0 0 2 0 1 0 1 1 0 1 0 0 0 1 2 1 1 0 1 0 2 2 0 0 1 1 1 1 0 1 1 0 0 0 1 0 0 0 3 0 0 1 0 1 3 1 2 1 3 1 0 4 1 0 2 0 0 1 2 0 1 1 0 1 2 2 1 1 0 2 0 0 1 0 1 1 2 2 0 0 0 0 0 1 0 3 0 1 0 1 0 2 3 
2 1 0 0 1 0 1 0 1 1 0 1 1 0 1 0 1 0 1 0 0 3 0 0 1 0 0 1 0 1 0 0 1 1 0 0 0 1 2 0 1 0 0 0 1 0 0 1 1 1 0 0 0 0 0 0 0 1 0 1 0 0 0 1 0 0 1 2 3 1 1 0 1 0 1 0 1 0 0 0 1 1 1 1 2 1 1 1 2 1 2 0 0 0 0 0 1 0 0 1 
1 0 0 1 0 1 0 0 0 0 0 2 1 0 0 0 0 0 1 0 0 0 2 0 0 0 1 0 0 1 1 0 1 2 1 1 0 0 0 3 1 0 0 1 0 0 0 1 1 0 0 1 1 0 0 1 0 0 2 0 1 0 1 2 0 1 0 0 1 1 0 0 1 1 0 1 0 2 2 1 0 0 2 0 0 0 1 2 1 1 0 0 0 1 1 1 0 2 0 0 
0 0 0 0 0 0 0 1 0 0 2 2 0 0 1 0 0 0 0 0 0 0 1 1 0 0 0 0 2 1 0 0 1 1 0 0 0 1 0 0 0 1 0 1 0 0 1 0 0 1 1 2 0 0 0 0 1 0 0 1 0 0 0 0 1 0 1 3 1 0 0 0 1 0 1 0 0 0 1 0 0 1 1 1 0 1 0 0 1 0 0 0 0 1 0 2 0 0 0 0 
0 0 1 0 0 5 2 1 0 0 0 3 0 1 0 0 0 0 0 1 0 0 2 1 0 0 1 0 0 0 0 1 0 1 1 0 0 0 0 3 0 1 1 1 1 0 0 0 0 2 1 1 0 1 2 2 2 0 2 1 0 1 1 0 0 0 1 1 1 0 0 0 1 1 2 0 1 0 2 1 2 1 2 0 1 0 0 0 0 1 2 0 3 0 1 0 0 1 1 0 
2 1 2 0 0 0 1 7 0 2 1 1 0 2 2 2 0 0 0 3 1 0 1 2 2 0 1 0 0 2 0 0 1 0 2 2 0 1 1 1 1 0 3 1 0 1 2 2 0 1 0 1 1 1 1 1 1 0 1 0 0 1 2 2 0 0 1 2 0 1 2 0 0 0 0 0 1 0 1 1 0 0 0 1 1 2 0 1 1 1 1 2 0 0 0 3 1 2 1 2 
0 0 0 0 0 0 1 0 0 1 2 0 0 0 0 0 0 0 0 0 0 2 1 2 0 1 0 0 1 0 1 0 0 0 0 0 0 0 0 0 0 1 4 0 1 0 2 1 1 0 0 0 0 0 0 1 1 0 0 1 3 0 0 0 1 0 1 0 0 0 1 0 0 0 1 1 0 0 0 0 0 0 1 1 1 0 0 0 0 0 0 1 0 0 0 0 2 0 0 1 
0 0 0 2 0 0 0 0 0 0 0 3 0 0 0 1 0 1 0 1 0 1 0 0 0 0 1 0 1 0 0 0 0 0 0 0 0 0 0 1 0 0 0 1 0 0 0 2 0 0 0 1 0 0 0 1 0 0 1 3 0 0 1 0 0 0 1 0 2 0 1 0 0 0 1 0 0 2 0 0 0 1 0 0 1 1 0 0 0 0 0 2 0 0 2 1 0 0 1 1 
0 0 1 1 2 0 1 2 1 0 0 1 0 0 1 1 0 0 0 0 0 0 0 0 0 0 0 0 0 0 1 0 0 0 0 0 0 0 1 0 0 1 0 0 0 1 1 0 0 0 0 0 0 0 0 0 0 0 0 0 0 0 0 0 0 0 0 0 0 1 0 0 1 0 0 0 0 0 1 0 0 0 0 0 0 0 0 1 0 0 0 0 0 0 0 1 0 1 0 0 
1 2 0 0 0 1 0 0 0 1 1 1 1 2 1 1 0 0 0 1 0 0 2 0 1 0 1 0 0 1 1 1 2 0 1 0 2 0 2 3 1 0 0 0 0 0 2 0 1 0 0 0 0 2 0 1 1 2 0 0 0 1 2 2 2 1 1 0 4 2 1 0 1 1 1 0 2 1 2 1 0 0 0 2 1 0 1 1 1 2 1 1 0 0 1 0 1 1 1 0 
0 1 0 1 0 0 3 1 1 0 2 3 0 0 1 2 0 1 2 1 2 0 0 0 0 1 0 4 0 3 2 2 0 2 0 1 0 0 1 1 4 0 0 0 0 2 2 3 2 2 1 2 0 1 0 1 0 0 2 2 1 0 1 0 1 1 1 0 1 1 3 0 0 2 0 0 0 2 0 1 0 0 1 2 1 3 1 0 2 2 0 1 2 0 2 0 0 1 0 1 
1 2 1 0 1 2 1 3 0 1 3 1 1 1 1 0 2 2 0 0 1 1 2 2 0 1 0 0 2 1 0 1 1 1 2 1 2 1 2 2 0 1 1 0 0 2 0 1 1 0 0 0 2 1 0 1 5 1 1 1 0 1 2 1 1 1 1 1 0 0 1 1 0 0 0 0 2 2 0 0 0 0 1 1 0 0 0 1 2 1 1 0 2 1 0 0 1 2 1 0 
0 1 1 0 1 0 1 0 0 1 0 0 0 1 2 0 1 0 0 0 0 0 0 0 1 1 0 2 1 0 1 0 0 0 2 2 1 1 1 0 1 2 3 1 0 0 1 2 1 0 0 1 0 1 1 1 0 1 0 1 0 0 1 1 1 2 0 5 2 0 0 0 4 1 1 0 1 0 1 0 1 4 0 1 0 0 0 0 2 1 0 1 0 2 1 2 0 1 0 1 
0 1 0 0 0 2 0 0 0 0 1 0 0 3 0 0 0 0 1 0 0 0 0 0 0 2 1 1 1 1 0 0 0 1 0 2 1 0 0 0 1 0 0 0 0 0 2 1 0 0 0 0 1 0 1 0 0 2 2 0 0 0 0 2 0 1 0 0 0 1 0 0 0 0 0 0 0 0 2 1 0 0 0 0 1 0 1 0 0 1 0 0 0 0 0 0 0 0 0 1 
0 1 0 1 0 0 0 1 0 1 0 1 1 0 0 2 0 0 0 2 0 0 0 0 0 0 0 0 0 2 0 1 0 0 0 0 0 1 0 0 1 1 0 0 1 0 2 0 0 0 0 1 0 2 0 0 0 0 0 1 0 0 1 0 1 1 0 0 0 0 0 1 2 0 0 0 0 0 0 0 0 0 0 0 2 0 0 0 1 0 1 0 1 3 1 0 1 0 1 1 
0 0 0 0 1 0 0 1 0 0 0 0 0 0 0 0 0 0 0 0 0 0 0 0 0 0 0 0 0 0 0 0 0 0 0 0 0 0 0 0 0 0 0 0 0 0 1 0 0 0 0 1 1 0 0 0 0 0 0 0 0 0 0 0 0 0 0 0 0 1 0 0 0 0 0 1 0 0 0 0 1 0 0 0 0 0 1 0 0 0 0 0 0 1 0 0 0 0 0 0 
0 0 0 0 0 0 0 0 0 0 0 1 1 0 0 0 0 0 0 0 0 0 0 0 0 0 0 1 0 0 0 0 0 0 0 0 0 0 0 0 1 0 0 0 0 0 0 0 0 2 0 0 0 0 0 1 0 0 0 0 0 0 0 0 0 0 0 0 0 0 0 0 0 0 1 0 0 0 0 0 0 0 0 0 0 0 0 0 0 0 0 0 0 1 0 0 0 0 1 0 
0 1 1 1 0 1 0 2 2 1 0 0 1 0 0 1 0 1 0 0 2 0 1 0 1 0 0 0 1 0 1 2 1 0 3 1 0 0 0 0 0 0 0 2 0 1 1 2 0 2 0 1 0 0 0 0 0 0 0 0 0 0 0 2 1 0 1 1 0 2 0 0 1 2 1 0 0 2 0 1 1 1 0 0 0 0 0 0 0 0 1 1 0 0 0 1 1 1 0 1 
1 1 0 0 1 1 1 3 2 3 0 0 1 0 0 0 0 2 0 0 0 0 2 2 0 1 1 0 0 0 0 0 1 0 0 1 0 1 1 1 0 0 0 0 0 0 1 0 1 2 0 0 0 0 0 0 0 1 1 0 0 1 0 2 1 0 1 0 1 2 0 0 1 0 0 0 0 0 0 0 1 0 0 0 0 1 0 0 1 1 0 1 0 1 0 1 0 0 1 1 
0 1 1 1 2 0 1 1 1 0 0 3 0 0 1 1 0 1 0 0 0 0 0 0 1 0 0 0 1 0 0 1 0 2 1 0 1 1 0 1 1 1 0 0 0 0 1 0 0 0 0 1 0 0 0 1 1 0 1 2 0 0 0 0 0 1 1 1 1 0 1 0 1 0 1 1 1 0 0 1 1 0 1 1 0 0 2 1 1 2 0 0 0 1 1 0 2 0 0 0 
1 1 0 0 1 0 1 0 1 1 0 0 0 0 2 0 0 1 0 2 0 0 0 1 1 0 2 0 2 1 0 0 2 2 0 0 1 0 0 1 1 0 0 1 0 0 1 1 0 0 2 0 0 0 2 0 0 0 1 1 0 0 0 0 1 1 0 1 1 0 0 2 1 0 1 1 0 1 1 0 1 0 2 0 3 0 0 0 1 1 0 0 0 2 1 0 0 1 0 0 
1 0 1 0 1 0 0 0 1 1 0 0 1 4 1 0 3 1 1 3 0 0 0 0 1 2 1 1 1 1 1 1 3 1 1 2 0 0 0 1 1 3 2 1 1 0 1 3 0 2 1 3 2 1 2 1 0 1 0 0 2 0 0 1 1 1 0 0 1 2 2 1 1 2 3 0 3 0 0 0 0 2 2 1 0 0 0 0 5 1 0 0 0 3 1 0 0 0 1 0 
1 1 0 2 2 0 0 0 0 1 1 1 2 2 2 2 0 1 2 2 0 1 2 2 0 1 2 1 0 2 1 0 1 4 0 0 0 1 0 0 2 0 0 2 2 2 0 1 2 1 0 0 0 1 2 0 1 2 0 2 1 2 0 2 3 0 0 1 1 0 1 1 2 0 0 1 1 1 0 1 0 1 0 1 0 2 1 0 0 4 1 1 1 0 1 1 0 2 2 1 
1 2 0 0 0 0 1 1 1 1 0 0 1 0 2 0 0 0 0 0 1 0 0 1 0 0 0 2 1 0 0 0 0 1 0 2 0 0 2 1 2 1 1 1 1 0 0 3 0 0 1 1 0 2 0 3 1 0 1 0 1 1 0 1 2 0 0 4 0 0 1 0 1 1 1 0 0 1 1 2 0 0 0 0 1 1 0 0 0 2 1 2 1 0 2 1 0 2 0 1 
1 2 2 0 0 1 1 1 1 2 1 0 1 0 1 1 1 1 3 1 0 0 3 1 1 0 0 0 2 1 1 0 2 2 1 1 0 1 0 0 1 1 3 1 0 1 1 1 0 1 0 0 2 1 1 1 1 0 0 3 0 0 0 0 2 1 1 0 1 0 1 2 0 0 0 1 0 0 1 3 1 1 0 0 1 0 1 0 0 0 1 0 1 3 1 3 2 2 0 2 
2 0 1 1 2 0 2 3 0 1 2 2 1 0 1 0 0 1 2 2 0 0 1 1 0 1 1 0 1 2 1 1 2 0 1 0 0 1 0 2 0 0 1 0 0 0 1 1 2 0 0 2 0 1 1 1 2 1 2 0 1 0 0 1 2 0 2 1 1 0 1 1 0 2 1 1 2 0 3 1 0 0 1 0 2 0 0 0 2 0 1 1 0 0 1 3 1 0 1 0 
0 0 2 0 1 0 0 0 0 2 0 0 1 1 0 1 1 1 0 1 0 0 3 1 0 1 2 1 3 2 0 2 0 1 1 2 0 0 0 1 0 1 1 1 2 0 1 0 0 2 0 1 0 4 0 1 1 2 1 1 0 1 1 2 0 3 1 1 2 1 1 0 0 0 0 0 3 0 0 2 3 3 3 1 1 0 1 0 2 1 0 0 0 0 2 0 3 1 0 3 
1 1 0 0 0 1 0 1 0 0 2 0 0 0 1 1 0 0 0 0 0 0 0 0 1 0 0 0 0 1 1 0 0 1 0 0 0 0 0 0 0 0 0 0 0 0 0 0 0 0 0 0 0 0 0 0 0 0 0 0 0 0 0 1 0 0 0 0 0 0 0 0 2 0 0 0 0 0 0 0 0 0 0 0 0 0 0 0 0 0 0 1 0 0 0 0 0 0 0 0 
1 0 0 0 1 0 2 0 1 1 0 0 0 2 0 0 1 1 0 1 0 0 0 0 2 0 0 2 2 0 0 0 2 1 0 1 1 0 1 1 0 1 0 0 3 0 0 0 0 0 0 1 0 0 0 0 1 2 2 0 0 0 0 0 0 0 0 1 0 1 0 0 1 0 0 0 2 2 0 1 0 0 0 0 1 1 0 2 1 1 0 0 2 0 1 2 1 0 1 0 
1 1 0 0 2 0 0 0 1 0 0 0 0 0 1 2 1 0 0 0 0 0 0 1 0 0 0 0 0 1 1 1 1 0 0 1 0 0 0 0 0 0 0 2 2 0 0 0 1 0 0 0 0 1 0 0 0 1 0 0 0 0 0 0 0 0 0 0 1 1 0 0 0 0 0 2 1 0 0 0 0 0 1 0 0 1 0 0 0 0 0 0 1 0 0 0 0 0 2 0 
3 1 1 0 2 1 4 1 2 2 1 0 3 0 2 2 3 1 0 1 0 0 1 0 1 0 2 0 0 2 1 1 0 0 2 0 0 2 1 1 1 1 0 5 1 1 0 2 1 0 0 1 0 0 0 0 1 1 1 0 0 1 1 0 0 0 0 1 0 0 1 0 1 0 2 0 2 1 0 1 2 1 2 2 1 0 3 1 0 1 2 0 2 2 0 1 0 1 1 0 
0 0 0 0 0 0 0 1 0 0 0 0 0 0 1 0 2 1 1 0 1 0 0 0 0 0 1 0 0 0 0 0 0 1 0 0 0 0 1 0 1 2 0 0 0 0 0 0 0 0 0 0 0 0 0 0 2 0 0 0 0 1 0 0 0 0 1 0 1 0 0 0 0 0 0 0 0 0 0 1 0 1 0 0 1 0 1 1 0 0 0 0 0 0 0 1 0 0 1 0 
1 0 0 0 0 1 0 1 1 2 0 0 0 0 0 1 2 0 0 1 1 0 1 1 3 2 1 2 1 3 1 2 2 2 1 2 2 1 1 2 0 3 0 1 1 0 1 0 0 0 0 0 3 1 0 0 2 1 0 3 0 1 1 0 0 2 0 1 2 1 1 2 0 0 0 1 0 5 3 2 1 0 0 4 0 1 2 1 1 1 0 0 0 1 0 1 3 2 0 1 
0 0 1 0 1 0 0 0 0 0 0 0 0 0 0 0 0 0 0 0 0 0 0 0 0 0 0 0 1 0 0 0 0 0 0 0 0 0 0 0 0 0 0 0 0 0 0 1 0 0 0 0 0 0 0 0 0 0 1 0 0 0 0 1 0 0 0 0 0 0 0 0 1 1 0 0 0 0 0 0 1 0 0 0 0 0 0 0 0 0 0 0 0 0 0 0 0 1 0 1 
1 1 1 1 1 1 2 3 1 0 3 0 2 1 0 6 3 0 0 1 0 0 2 2 0 1 1 0 0 1 0 0 0 0 0 2 2 0 2 0 3 1 0 0 0 2 2 2 0 1 0 1 0 0 0 0 2 0 1 1 1 1 0 0 0 1 1 0 1 2 0 0 1 1 3 0 2 0 1 1 3 2 2 0 1 1 0 1 1 1 1 1 1 2 1 3 1 1 0 1 
0 1 1 0 1 0 0 0 0 1 0 0 0 0 0 1 0 0 1 0 1 0 0 0 1 1 0 0 1 1 0 2 0 1 1 0 1 0 2 0 0 2 0 0 1 2 1 0 0 0 0 0 1 1 0 2 1 0 1 0 0 0 1 0 1 0 0 0 1 1 0 0 0 0 1 1 1 0 0 0 0 1 0 0 0 1 0 0 1 0 1 0 0 2 0 0 0 1 1 0 
0 0 0 1 1 1 2 1 0 0 2 2 3 1 0 3 0 0 0 0 0 1 0 1 2 1 1 4 1 1 0 0 0 3 3 2 0 2 0 2 3 0 1 1 0 0 0 0 0 1 0 1 0 0 1 0 0 1 1 1 2 1 0 0 1 2 1 1 2 1 2 0 1 3 1 0 0 1 0 1 1 1 0 1 1 1 0 2 0 1 0 5 0 0 1 2 1 0 3 1 
2 0 2 1 4 2 4 1 0 0 2 0 1 2 0 2 1 0 2 0 1 0 1 2 0 0 0 1 0 3 2 0 0 0 1 0 1 1 0 1 1 0 0 0 2 1 0 1 0 0 1 0 2 0 0 4 3 0 0 0 0 0 1 0 0 3 2 2 2 0 1 0 3 1 3 0 4 1 0 0 0 0 0 1 2 0 0 1 0 1 0 1 0 1 0 1 2 0 1 2 
0 0 0 0 0 1 0 0 0 1 1 1 0 1 0 1 1 0 2 1 0 0 1 0 0 1 0 0 2 0 0 0 0 0 0 1 0 1 0 0 0 0 1 0 0 0 0 1 0 0 0 0 1 0 0 0 0 0 0 1 1 0 0 0 0 0 0 0 0 2 0 1 0 0 0 0 1 0 0 0 0 0 1 0 2 1 0 0 1 1 0 1 0 1 1 1 0 1 0 0 
0 0 0 2 0 0 1 0 0 0 0 0 0 0 0 0 1 0 0 0 0 0 0 0 0 0 0 0 0 0 0 0 1 0 0 0 0 0 0 0 0 1 1 0 0 0 0 1 0 0 0 1 0 0 0 0 0 0 0 0 0 0 0 0 0 0 0 0 0 0 0 0 0 0 0 0 1 0 0 0 0 0 0 0 0 0 0 0 0 0 0 0 0 0 0 0 0 0 0 0 
0 0 0 0 1 0 0 0 0 0 0 0 0 0 0 1 0 0 0 0 0 0 1 0 2 0 2 1 0 0 0 0 0 0 0 0 0 0 0 0 1 0 1 0 0 1 0 1 0 0 0 0 1 2 0 0 1 0 1 1 0 1 0 1 1 2 0 0 0 2 0 0 1 0 0 0 0 1 1 0 0 0 0 0 0 0 0 0 0 0 1 0 0 0 0 1 0 0 0 1 
0 0 0 2 1 0 1 0 1 0 0 0 2 1 0 1 0 0 0 0 0 1 1 0 0 0 0 0 0 0 0 1 0 0 0 2 0 0 1 0 0 0 1 0 0 1 0 0 0 2 0 1 1 0 0 1 0 0 1 0 1 0 0 1 1 3 0 3 3 1 0 2 1 0 0 1 0 0 0 0 0 1 1 0 1 0 0 1 1 0 0 1 0 2 1 0 0 1 1 0 
2 2 0 1 1 0 0 1 0 0 1 0 0 1 1 0 1 0 0 0 0 0 0 0 0 1 0 0 1 0 0 1 0 0 1 2 3 1 1 1 0 1 1 0 0 1 1 0 1 1 0 0 1 1 0 0 0 0 1 1 0 1 0 0 2 1 2 0 0 1 0 0 1 1 0 2 3 1 0 1 0 0 0 1 0 1 0 0 0 0 1 1 1 1 0 0 0 0 3 0 
1 0 0 0 0 0 1 0 0 0 0 0 0 0 0 0 0 1 1 0 1 0 0 0 0 0 0 0 0 1 1 1 0 1 0 0 1 0 0 0 0 1 0 0 2 0 0 0 0 1 1 0 0 1 0 1 0 1 0 0 0 1 0 0 1 0 0 0 0 1 0 0 1 0 0 0 0 0 0 0 1 1 2 0 1 0 0 0 1 0 1 0 0 0 1 0 0 0 0 0 
0 1 2 1 0 1 1 0 1 2 1 2 0 1 0 2 1 0 0 0 0 0 0 0 0 2 0 0 0 0 0 1 0 1 0 0 1 0 0 1 0 0 0 2 0 0 0 0 0 0 0 0 0 0 1 0 0 0 1 2 1 0 0 0 2 0 0 0 0 1 0 1 0 0 1 3 0 0 0 1 1 1 1 1 0 1 0 3 0 0 0 0 1 0 0 1 0 0 1 0 
1 1 0 1 1 0 0 3 1 4 1 0 1 1 3 0 1 0 0 1 2 0 0 1 1 1 0 0 3 1 1 1 1 1 1 1 1 0 3 0 1 1 0 0 1 0 1 0 0 3 0 0 0 1 2 1 3 1 1 1 2 0 0 1 0 2 0 0 1 1 1 1 2 1 2 0 0 1 0 0 0 0 0 1 0 1 0 0 1 0 2 0 0 1 0 0 0 0 0 0 
1 1 0 1 1 2 1 2 0 0 2 1 2 2 0 0 0 0 1 1 1 2 1 1 0 0 1 0 2 1 1 1 0 1 1 1 1 0 0 1 0 1 1 1 2 0 1 2 0 1 1 0 3 1 0 0 1 0 2 0 1 1 0 1 0 1 0 0 1 0 1 2 1 1 0 1 0 0 1 1 0 2 1 0 1 0 0 0 1 2 1 0 1 2 0 2 3 0 2 0 
0 1 0 1 0 0 0 2 0 0 0 0 1 1 0 0 0 0 1 0 1 0 1 0 1 1 0 0 0 0 0 1 0 1 1 1 1 0 0 1 0 0 0 1 0 0 1 0 0 0 2 0 0 0 2 0 0 1 0 0 1 0 1 0 0 0 0 0 1 1 1 0 1 0 1 0 2 1 0 0 1 1 0 0 2 0 0 0 0 0 1 1 0 0 0 0 0 0 1 0 
0 0 0 0 0 1 0 1 0 1 1 0 1 0 0 1 1 0 0 0 0 2 0 0 1 0 1 2 0 0 0 0 0 0 0 0 0 1 0 0 0 0 0 0 1 0 0 0 1 0 0 1 1 0 0 0 0 0 0 2 0 0 1 0 0 1 0 0 0 0 0 0 0 0 1 0 0 1 0 0 0 1 0 0 2 0 0 0 0 0 0 1 0 0 0 0 3 1 1 0 
1 1 0 0 0 1 1 0 0 1 1 0 2 1 0 1 0 1 0 1 1 1 2 1 0 1 0 1 1 2 1 0 2 1 1 0 0 0 0 1 3 1 1 0 0 0 0 0 0 4 2 0 3 1 1 0 2 3 0 1 1 1 1 0 2 1 1 1 1 0 0 0 0 0 0 1 0 0 2 0 0 0 2 0 2 0 0 0 0 2 0 0 1 1 0 2 0 1 2 0 
2 0 0 0 0 0 0 0 0 0 2 0 0 0 0 0 0 0 0 0 0 2 0 0 0 0 0 0 0 2 0 0 0 0 0 0 0 0 0 0 0 0 0 1 0 1 0 0 0 0 1 1 0 0 0 0 0 0 0 0 0 0 0 0 0 1 2 0 0 0 0 0 0 0 0 0 0 1 1 0 1 1 0 1 0 0 0 0 1 0 0 1 0 1 0 0 1 0 0 1 
1 0 0 0 1 0 0 0 1 0 0 0 0 0 0 1 0 2 0 0 1 0 1 0 0 3 1 0 1 0 0 1 1 0 0 0 1 0 0 2 0 1 0 0 0 0 0 0 0 0 0 0 0 0 0 0 1 0 0 0 0 1 0 0 0 0 0 1 0 0 0 1 1 0 0 0 1 1 3 0 0 0 1 0 0 0 1 1 0 0 1 0 0 0 0 0 0 1 0 0 
0 0 0 1 0 0 0 0 0 0 0 1 1 0 0 0 0 1 0 1 0 0 0 1 0 0 0 1 0 0 0 0 0 0 0 0 0 0 0 0 1 0 0 2 0 0 0 0 0 1 0 1 0 0 0 0 0 0 0 0 1 1 0 0 0 0 0 0 0 1 0 0 0 0 0 0 0 0 0 0 0 0 0 2 0 0 1 2 0 1 1 0 1 0 1 0 1 1 0 0 
0 1 1 0 2 0 2 0 0 2 1 1 2 0 0 0 2 2 1 0 5 1 1 0 1 0 0 1 0 0 0 1 1 1 0 2 0 2 0 4 1 0 1 0 2 0 0 1 2 1 0 2 0 1 3 3 2 0 0 2 0 0 1 0 0 1 4 2 1 1 1 0 0 2 1 0 1 1 1 2 1 1 0 0 0 1 0 1 1 3 1 2 1 3 4 0 0 1 1 0 
1 0 0 0 4 0 1 1 1 1 0 1 0 2 0 0 0 2 1 1 2 0 1 0 0 1 0 1 0 0 1 1 2 0 0 0 1 1 0 1 0 2 2 2 0 0 2 0 2 1 1 1 0 1 0 1 0 1 4 1 2 2 3 1 1 2 0 1 1 0 0 1 0 1 2 0 0 0 0 1 0 1 0 1 0 1 1 2 2 1 1 2 1 1 0 2 0 1 0 1 
0 0 0 0 0 0 0 0 0 0 0 0 0 0 0 0 0 0 1 0 0 0 0 0 0 0 0 0 0 0 0 1 1 0 0 0 0 0 0 0 0 0 0 0 0 0 0 0 0 0 0 1 0 0 0 0 1 0 0 0 0 0 0 0 0 0 0 0 0 0 0 0 0 0 0 1 1 0 0 1 0 0 0 0 0 1 1 1 0 1 0 0 0 0 0 0 1 0 0 1 
0 1 0 1 0 0 0 2 0 1 0 0 0 0 1 0 1 0 0 1 0 1 1 0 0 0 1 0 0 0 0 2 1 1 2 0 2 1 0 0 0 0 1 0 0 2 1 0 0 1 0 2 2 0 0 0 0 0 0 0 1 0 1 0 1 3 1 0 0 1 2 0 0 0 0 0 0 0 0 2 0 0 0 2 3 1 0 1 0 1 1 0 2 1 0 1 0 0 1 2 
0 0 1 1 0 0 2 5 0 3 0 1 0 0 0 2 1 2 0 1 0 0 0 0 1 1 1 0 0 2 1 1 1 1 4 0 1 0 1 0 0 2 0 1 1 0 1 3 2 0 2 1 1 1 0 0 1 1 1 1 2 1 0 0 1 1 1 0 0 0 0 2 0 0 1 0 0 0 1 0 1 1 2 0 0 0 1 1 1 3 1 1 0 2 3 1 0 1 1 0 
0 0 1 1 2 0 0 1 1 0 1 0 0 1 0 2 0 1 1 2 0 0 0 0 0 1 2 0 0 2 0 2 1 1 0 1 0 0 2 0 1 2 2 0 1 5 0 2 2 2 0 1 0 1 2 0 0 0 2 0 0 0 0 2 1 1 0 2 0 1 0 1 0 1 3 0 1 1 0 1 3 1 1 0 2 1 0 0 1 1 1 0 2 0 2 0 1 0 1 0 
1 0 2 0 5 0 1 1 0 1 1 0 0 0 1 1 1 2 1 0 0 0 1 3 2 3 0 1 2 0 3 0 2 1 1 2 1 1 3 2 1 0 0 1 1 1 1 2 0 2 0 2 0 0 0 1 1 1 0 0 0 1 0 1 1 0 0 2 0 0 0 0 1 0 0 0 0 0 1 4 3 0 0 0 1 1 0 1 3 3 2 0 0 1 1 1 0 2 0 1 
0 0 0 0 0 0 1 0 1 0 0 0 0 0 0 0 1 0 0 0 2 0 0 0 0 0 0 0 0 0 0 1 0 1 0 0 0 0 0 0 0 0 0 0 0 1 0 0 0 0 1 0 0 0 0 0 0 0 0 0 0 1 0 0 0 0 0 0 0 0 0 0 0 0 0 0 0 0 0 0 0 0 0 0 0 0 0 0 0 0 0 0 0 0 1 0 0 0 0 0 
1 0 0 0 0 0 0 0 1 1 0 0 0 1 0 0 0 0 0 0 0 0 1 1 1 0 0 1 0 0 0 1 1 0 0 2 0 0 0 1 1 0 0 2 1 0 2 0 0 0 0 0 0 0 0 0 2 2 0 0 1 0 1 0 1 0 0 0 0 0 0 1 0 0 0 0 0 0 0 0 1 1 2 0 0 1 1 2 0 0 0 0 0 0 0 0 0 0 0 0 
0 0 0 1 0 0 2 0 1 0 0 0 0 1 0 0 0 0 3 0 0 0 0 0 2 0 1 0 0 0 0 1 0 0 1 0 0 1 0 2 0 0 0 0 1 0 0 1 0 0 1 1 0 0 0 0 0 0 2 0 3 0 0 0 1 0 2 1 1 0 0 1 0 0 2 0 1 0 0 1 0 1 0 0 0 1 0 0 2 0 1 0 0 0 0 0 0 1 1 0 
0 1 1 1 0 1 1 0 0 0 1 1 0 0 0 0 0 0 0 1 1 0 0 0 0 0 0 0 0 0 1 0 0 1 1 0 0 0 0 2 1 0 1 0 0 3 1 0 2 1 0 0 1 0 1 0 2 0 0 0 0 0 0 0 0 0 0 0 0 0 0 0 0 0 0 0 1 0 2 2 0 2 0 0 0 0 2 0 0 0 1 0 1 1 0 0 0 1 0 2 
3 2 0 1 1 0 0 0 1 1 3 0 2 0 0 0 0 1 0 0 1 1 0 1 1 0 0 0 1 1 1 1 0 0 0 1 0 2 0 0 0 1 0 0 0 1 1 0 0 2 0 2 1 0 3 2 0 2 0 0 2 2 2 1 2 1 0 0 1 3 1 1 0 1 0 0 2 2 2 0 2 1 0 0 1 0 1 1 1 1 1 1 2 0 0 2 1 0 1 0 
0 0 0 1 0 2 1 0 1 0 0 1 0 0 1 1 0 1 0 1 0 0 1 1 0 2 0 0 0 0 1 0 0 0 2 1 0 1 0 0 1 1 1 1 1 0 0 0 1 0 0 1 1 1 0 1 0 2 0 0 0 0 1 0 0 1 0 0 0 0 0 2 1 1 0 0 0 2 0 0 1 0 0 1 0 2 0 2 0 0 0 0 3 1 0 2 1 0 2 2 
0 0 1 1 0 1 1 0 1 0 0 0 1 0 0 2 0 0 0 0 2 0 0 2 1 2 0 1 0 0 0 1 0 0 0 1 2 1 0 2 0 0 0 0 0 1 1 1 0 0 0 0 1 0 3 0 0 2 1 1 1 0 1 2 0 1 1 0 0 0 0 2 0 3 0 2 0 1 2 0 0 0 0 0 1 0 0 0 2 1 2 3 1 0 0 0 3 1 1 0 
2 4 0 0 0 0 1 0 2 0 1 0 0 2 2 2 0 0 2 2 0 1 0 1 1 1 1 1 2 0 1 3 0 0 1 1 0 1 1 1 1 2 2 1 1 3 0 1 0 0 1 0 2 1 0 2 0 1 2 0 0 0 1 1 1 1 1 0 0 1 0 0 0 3 0 1 0 0 0 2 1 1 1 1 2 2 0 1 2 0 1 1 1 1 0 1 2 1 0 3 
0 1 2 1 2 2 0 0 0 0 0 0 1 1 0 1 0 0 2 0 0 0 1 0 0 0 1 2 0 1 0 0 1 0 0 1 2 0 1 4 1 1 1 1 1 1 0 0 0 0 2 0 1 0 2 1 1 1 1 0 2 0 1 0 0 1 0 1 3 0 1 0 0 1 1 0 0 3 2 0 1 0 1 0 1 0 0 1 0 1 0 0 1 1 0 0 1 1 0 1 
1 0 0 1 2 0 0 0 1 1 0 0 0 0 0 0 1 0 1 1 1 0 0 0 0 1 0 0 0 0 0 0 0 0 0 0 0 0 0 1 1 0 0 0 0 3 0 1 0 0 0 1 0 0 1 0 2 2 0 0 0 1 0 0 0 0 0 0 0 1 0 0 0 0 0 0 0 0 1 1 1 0 2 1 0 0 1 1 0 3 2 2 0 0 0 0 2 0 2 1 
1 0 0 0 0 0 0 0 0 0 1 0 1 0 1 0 0 0 0 0 0 0 1 0 0 1 0 0 0 0 0 0 0 1 0 1 0 0 0 0 0 1 0 0 0 1 1 1 0 0 0 0 0 0 0 0 0 0 1 1 0 0 0 0 0 1 0 1 0 1 0 0 0 0 2 1 1 0 0 0 0 0 0 0 1 0 0 1 0 0 0 2 0 0 0 0 1 0 0 0 
0 1 1 0 0 0 0 2 0 2 0 3 2 0 0 0 1 0 0 0 0 0 1 0 0 1 1 1 1 0 0 0 0 0 0 0 0 1 0 0 1 0 0 0 0 1 0 1 0 1 0 2 0 0 0 1 0 1 0 0 2 0 0 0 1 0 0 0 0 1 0 0 0 1 1 1 2 0 0 0 0 0 0 0 1 0 0 0 0 1 0 1 0 0 0 0 0 0 1 0 
0 1 0 0 0 2 0 1 0 2 2 0 0 1 0 1 0 0 0 0 0 1 0 1 0 0 0 0 0 1 0 0 1 0 2 0 0 0 0 0 0 0 1 2 0 0 0 1 0 0 0 0 1 1 0 1 3 0 0 1 0 1 1 0 0 1 1 0 1 0 0 0 0 0 1 0 0 0 1 0 0 0 0 2 0 1 1 1 0 1 1 2 1 1 3 0 0 2 1 1 
0 1 0 1 0 0 1 0 0 1 0 1 0 0 0 1 0 1 1 0 0 0 1 1 1 2 0 0 0 0 0 1 0 0 0 0 0 2 0 0 1 0 0 0 1 0 0 0 1 1 0 0 1 1 0 0 0 0 0 1 0 0 0 1 1 0 0 0 1 0 0 2 0 0 0 1 0 1 0 2 2 0 0 0 1 0 0 0 2 0 1 2 1 0 0 2 0 0 0 0 
0 1 1 1 0 0 0 1 0 0 0 1 0 0 0 1 1 5 0 0 1 1 1 0 0 1 3 0 0 1 1 1 2 0 2 0 1 0 0 2 0 1 2 1 2 1 0 0 1 1 1 0 0 0 1 0 0 0 2 0 0 1 2 1 1 2 0 1 3 0 1 1 2 1 0 3 0 1 0 1 2 0 0 0 2 1 0 1 2 0 1 1 0 4 0 1 1 2 1 2 
0 0 0 1 0 0 0 0 0 0 0 0 0 0 0 1 0 1 0 0 0 0 0 0 0 0 0 0 0 0 0 0 0 0 0 0 0 0 0 0 0 0 1 0 0 0 0 1 0 0 0 1 0 0 0 0 0 0 0 0 0 0 0 0 0 0 0 1 0 0 1 0 0 0 0 0 0 0 0 0 0 0 0 0 0 0 0 0 0 0 0 0 1 1 2 0 0 0 0 1 
0 0 1 0 1 0 0 0 1 1 0 1 1 3 0 1 1 0 1 2 0 1 1 0 1 0 1 1 0 0 0 1 2 0 1 1 2 1 0 0 0 0 0 1 0 0 0 0 0 0 0 0 3 0 0 0 1 0 0 0 0 1 1 0 2 0 0 0 1 0 1 0 0 0 1 0 1 1 0 0 0 1 1 1 2 0 3 1 1 0 0 0 1 1 0 1 0 0 0 1 
0 0 0 0 0 0 0 0 0 0 0 0 0 0 0 0 0 0 0 0 0 0 0 0 0 0 0 0 0 0 0 0 0 0 0 0 0 1 1 1 1 0 0 0 0 0 0 0 0 1 0 0 0 0 0 0 2 0 1 0 0 0 0 0 0 0 0 0 0 0 0 0 0 0 1 0 1 0 0 1 0 0 0 0 0 0 1 0 0 0 1 0 0 0 0 0 0 0 0 1 
0 1 1 0 2 1 1 1 0 0 0 2 1 0 0 1 0 0 1 1 1 0 0 2 1 0 0 1 0 1 0 3 0 0 1 0 0 1 0 0 1 1 0 0 0 1 3 0 0 2 0 1 1 1 0 1 0 1 1 1 1 0 0 1 0 1 0 0 1 1 0 1 0 1 0 0 0 0 1 0 1 0 0 0 1 1 0 0 1 1 0 0 1 0 0 2 1 0 1 1 
0 0 1 1 1 3 0 0 0 1 0 1 1 1 0 0 2 0 0 2 0 0 0 0 0 1 0 0 0 0 1 0 1 1 1 0 0 2 1 0 0 0 1 0 0 0 2 1 1 0 0 0 2 2 0 0 0 0 1 0 1 1 0 1 0 2 2 0 0 0 0 0 0 2 1 0 1 1 0 3 1 1 0 0 0 0 0 0 1 0 0 0 0 0 0 2 0 1 1 0 
1 0 0 1 0 1 0 1 0 2 2 1 0 0 0 0 0 0 1 0 1 0 1 0 1 1 0 0 0 1 1 0 0 1 1 2 0 0 1 1 0 0 1 1 0 0 1 0 1 2 2 2 1 1 1 1 1 0 0 0 2 1 1 1 0 2 0 1 2 2 2 1 2 0 0 2 0 1 0 0 0 0 0 1 0 1 1 1 3 1 1 1 1 0 1 2 1 2 1 1 
1 0 0 1 2 1 2 0 2 0 4 0 2 0 0 1 1 0 0 0 0 1 1 0 0 0 1 0 0 0 1 0 1 2 0 1 1 0 0 0 1 0 1 1 0 1 0 0 1 2 2 0 1 0 2 0 0 0 0 0 0 0 0 0 1 0 0 1 0 0 0 2 0 0 0 1 0 0 0 0 0 2 1 1 0 0 0 2 1 0 0 1 1 0 0 1 0 0 1 0 
0 0 1 0 1 2 1 2 0 0 0 1 1 0 2 1 1 1 1 0 2 1 1 0 2 0 1 1 2 0 0 1 1 0 0 2 0 0 1 0 0 0 0 0 0 0 0 0 1 2 0 0 1 1 2 2 0 0 2 1 1 0 1 1 2 1 1 1 1 1 0 1 2 1 2 3 3 0 1 0 0 2 0 1 1 1 0 4 1 0 0 1 0 1 2 1 0 0 0 0 
3 0 0 0 0 0 3 1 1 0 0 1 4 1 1 1 2 1 0 0 0 0 2 1 3 0 2 0 0 2 2 1 0 2 1 1 0 0 0 1 1 1 1 2 1 0 0 0 1 0 0 2 1 1 1 1 0 0 0 0 1 0 0 1 0 3 0 0 1 0 0 0 2 0 1 1 1 0 0 0 0 1 2 1 1 0 2 1 3 0 0 1 1 1 2 0 2 0 2 0 
3 0 0 1 1 0 0 1 1 2 2 0 2 1 2 0 0 0 0 0 3 2 0 3 1 0 0 2 0 0 0 0 0 0 1 2 0 0 0 1 1 0 1 1 0 1 0 0 0 2 1 0 1 2 0 0 1 1 1 0 1 0 0 1 0 0 0 1 1 1 2 0 1 2 0 1 0 2 1 1 0 0 0 0 1 1 0 1 0 0 0 2 0 0 1 1 1 1 0 1 
1 0 0 0 1 0 0 0 0 0 1 0 0 0 0 0 0 0 0 1 0 0 0 0 0 0 0 0 0 0 0 0 0 0 0 0 0 1 0 0 0 0 0 1 0 0 0 0 0 0 0 0 0 0 0 0 0 0 0 0 0 0 2 1 0 0 0 1 1 0 0 0 1 1 0 0 0 0 0 1 0 0 1 0 1 0 0 0 1 0 0 1 0 1 0 0 0 0 1 0 
0 0 0 0 0 0 0 0 0 1 0 0 0 0 0 1 0 0 0 0 0 1 0 0 0 2 0 0 2 0 0 1 0 0 0 0 1 1 0 0 0 1 0 0 0 1 0 0 0 0 1 0 0 1 0 1 0 1 0 0 0 0 0 0 0 0 0 0 0 0 0 0 0 0 0 0 0 0 0 0 1 0 0 1 0 0 0 0 0 0 0 0 0 0 0 0 0 1 0 0 
0 1 4 0 2 1 1 0 2 0 1 0 0 1 0 1 0 0 0 1 0 1 1 0 1 2 2 1 1 1 0 1 1 0 1 4 1 1 0 1 0 3 2 2 0 3 0 1 1 3 3 1 1 0 0 0 0 1 2 0 1 0 0 0 2 1 2 0 2 4 0 1 0 1 0 0 1 3 3 2 2 1 0 0 2 0 2 1 0 2 2 0 1 1 0 2 0 0 0 1 
0 0 0 0 0 0 1 0 2 0 0 0 0 0 0 0 0 0 0 0 1 1 0 0 0 1 1 0 0 0 0 0 0 0 0 0 0 0 0 0 0 1 0 0 1 0 1 1 0 1 0 0 0 1 0 0 0 0 0 0 0 0 0 0 0 1 1 0 0 0 0 0 0 0 0 0 0 0 0 0 0 0 0 0 1 0 0 0 0 0 0 0 0 0 2 0 0 1 0 1 
0 0 0 1 2 0 0 0 0 0 2 1 0 0 2 0 0 0 2 1 0 0 0 1 0 0 1 0 1 0 0 0 0 2 0 2 0 1 1 1 0 0 0 0 1 1 0 0 0 0 0 0 0 0 1 0 1 0 0 0 0 1 1 1 0 0 0 0 2 0 2 0 1 1 0 0 0 0 0 0 0 0 1 0 1 0 1 0 0 1 1 0 1 2 0 0 0 1 0 0 
1 0 0 0 0 0 0 1 1 0 1 1 0 0 1 0 0 0 1 0 0 0 0 0 1 0 0 0 0 1 1 0 1 0 0 0 0 0 0 0 1 1 0 1 0 1 0 0 0 2 0 0 0 1 0 0 2 1 0 0 1 0 0 1 0 0 1 0 0 3 0 0 0 0 0 0 0 0 0 0 1 0 1 0 0 0 1 1 0 0 1 1 1 0 1 0 1 0 0 0 
3 1 0 1 2 1 1 0 0 0 0 1 1 1 0 0 0 0 0 1 0 1 0 0 0 0 1 0 0 0 0 0 0 1 1 0 0 0 0 0 1 1 0 0 0 0 0 1 1 0 1 3 0 1 0 0 2 1 1 0 0 3 1 0 1 2 0 1 2 1 0 2 1 1 1 1 1 0 1 0 1 0 0 0 0 0 0 1 1 0 5 0 0 1 1 0 0 0 0 0 
0 0 0 0 1 2 0 1 2 1 0 0 1 1 2 1 2 1 0 1 2 1 2 2 1 0 1 0 3 1 2 3 0 0 0 2 0 2 2 0 1 0 1 0 1 0 0 1 1 0 2 1 0 0 0 0 0 0 0 0 0 0 1 1 1 0 0 1 0 0 1 0 1 2 1 0 0 1 2 0 1 0 1 1 2 0 3 2 0 0 0 0 2 1 1 1 1 0 0 2 
1 0 0 2 1 1 1 2 3 1 0 0 0 1 0 1 2 3 1 0 0 2 0 0 0 0 1 0 0 3 0 1 1 0 0 2 0 0 2 1 0 1 1 1 1 0 1 0 1 1 0 2 2 1 2 0 2 0 1 0 2 0 1 0 1 0 1 1 0 1 1 0 1 1 1 1 0 1 0 1 1 2 0 1 2 3 1 0 1 1 0 2 1 1 2 2 0 0 1 1 
0 0 0 0 0 1 0 0 0 0 0 0 0 0 0 1 0 0 0 0 0 0 1 0 0 0 0 0 0 0 1 1 0 0 0 0 0 1 0 1 0 0 0 0 0 0 0 0 0 0 0 2 0 2 1 1 0 1 1 1 0 0 0 0 0 1 0 0 1 0 0 0 1 0 0 0 0 0 0 1 0 1 1 1 0 0 0 0 0 1 0 1 0 0 0 0 0 0 0 0 
0 3 1 1 1 0 1 0 1 1 0 0 1 0 1 0 2 1 0 0 1 0 0 3 0 1 1 0 1 0 1 0 5 2 1 1 1 0 0 1 0 0 0 1 0 0 1 0 0 0 0 0 2 0 0 1 0 0 3 0 1 0 1 1 1 0 0 0 1 1 1 0 1 0 1 1 1 1 0 0 2 0 2 3 1 0 1 0 1 0 1 0 0 0 1 0 1 2 0 0 
1 1 1 0 0 1 0 0 0 0 0 0 0 1 0 1 0 0 0 0 0 0 2 0 0 0 1 1 0 1 0 1 0 0 1 0 0 0 0 0 1 0 0 2 1 1 0 0 0 0 1 1 0 0 0 0 0 0 0 0 0 0 2 1 2 0 0 1 1 0 0 1 0 0 2 0 1 1 0 0 1 1 0 0 0 0 0 1 1 0 0 0 1 1 0 0 0 0 0 1 
2 0 1 2 1 0 1 1 1 0 0 0 2 0 0 0 3 0 0 1 1 0 3 2 0 0 0 0 1 1 0 1 0 0 0 1 1 0 0 0 0 0 0 0 1 0 1 2 1 0 0 0 1 2 0 0 0 0 0 1 0 1 0 1 0 0 1 1 0 0 0 0 0 0 1 2 1 0 0 0 0 0 0 1 0 0 0 0 0 0 3 1 0 0 0 2 1 1 0 0 
