50
22 11 19 24 17 13 14 14 13 25 15 16 21 14 18 14 15 19 23 16 29 26 22 28 14 25 21 16 24 21 20 20 21 24 23 19 26 21 26 28 14 16 31 24 18 23 14 18 24 21 
2 4 10 4 4 6 9 8 3 1 10 10 2 10 6 9 7 9 3 8 4 4 3 4 1 9 9 3 4 5 10 10 1 10 10 8 5 10 6 9 7 3 1 5 3 1 3 8 3 8 
50
3 1 0 2 1 2 0 2 2 2 0 0 0 3 3 0 4 4 0 2 1 1 2 2 1 1 1 1 2 0 0 1 0 1 2 1 0 2 3 0 3 1 0 1 1 4 2 0 1 2 
0 1 0 1 2 0 0 2 0 0 1 1 2 2 0 1 0 0 1 1 3 1 2 1 1 3 0 0 4 0 0 1 1 1 3 1 1 1 0 0 2 4 1 0 1 2 0 2 0 1 
0 1 1 3 5 3 2 4 3 2 2 1 4 0 1 1 0 3 0 1 2 1 2 2 1 3 1 3 3 1 3 1 1 3 0 0 1 3 0 2 1 2 0 0 3 1 1 1 2 0 
0 0 0 0 0 0 0 1 0 0 0 0 0 0 1 1 0 0 0 0 0 1 0 0 0 0 1 0 2 1 0 0 0 0 0 0 1 0 0 0 0 0 0 0 1 0 0 0 0 0 
1 3 0 1 0 1 1 2 2 2 0 0 0 2 3 0 1 3 1 1 0 1 2 0 1 0 1 1 2 1 1 1 3 1 0 1 1 2 2 1 1 1 2 0 2 1 1 0 1 0 
2 2 1 1 1 2 1 2 1 1 2 1 1 1 2 3 2 0 1 0 0 1 0 0 0 2 1 2 0 4 2 1 1 2 3 1 5 1 0 2 1 1 1 0 5 1 0 1 1 1 
1 2 4 5 2 2 3 0 1 2 1 0 3 0 1 2 1 0 0 3 1 1 5 3 1 3 1 2 3 3 1 0 2 3 2 4 5 1 0 0 2 1 1 0 0 0 2 2 1 2 
0 1 0 2 1 2 0 1 0 1 0 1 1 0 1 0 0 1 0 0 2 0 0 0 1 0 1 1 2 1 0 0 1 2 1 0 0 0 0 0 1 0 0 0 0 1 0 3 1 0 
3 2 0 1 0 1 2 3 1 0 2 1 0 1 0 1 1 1 0 2 1 1 2 2 2 1 3 1 1 2 3 2 2 2 3 1 0 2 2 0 1 2 1 1 0 0 1 4 2 1 
0 0 0 0 1 2 0 0 2 1 0 0 0 1 2 0 0 2 4 1 0 1 0 2 1 0 2 1 1 1 0 0 1 2 1 1 0 0 4 0 3 0 0 1 2 1 2 0 0 0 
0 0 0 0 0 0 0 0 0 0 0 1 0 0 0 1 0 0 1 0 0 0 0 1 1 0 0 0 0 1 0 0 0 1 0 0 0 1 0 1 0 0 0 1 0 0 1 0 0 0 
1 0 0 0 0 1 1 0 1 0 0 0 0 1 1 0 2 1 0 0 0 2 1 0 1 0 1 0 0 1 0 3 0 1 0 1 1 1 2 1 0 1 1 2 2 0 0 1 0 1 
5 6 1 2 3 1 1 2 3 3 0 1 4 3 5 0 2 1 2 3 0 2 3 1 2 0 0 3 1 2 0 4 1 0 3 1 1 1 0 1 0 1 0 2 1 4 2 4 7 2 
0 1 2 0 0 0 1 1 0 0 2 1 0 1 0 3 0 0 0 0 0 0 1 1 0 0 1 1 1 0 1 2 1 0 0 1 1 0 1 1 1 1 1 4 1 1 0 0 0 0 
0 1 0 0 0 0 0 0 0 0 1 0 0 0 0 1 0 0 2 0 1 0 0 1 0 0 1 0 0 0 1 0 0 1 1 0 1 0 0 2 0 3 1 1 0 0 0 1 1 1 
3 2 0 1 0 0 2 1 3 1 1 3 1 3 1 1 3 0 2 0 1 1 0 1 2 1 2 0 2 3 0 0 1 0 0 2 3 3 2 1 1 2 2 1 1 0 2 2 3 2 
0 1 0 0 0 0 1 0 1 0 0 0 0 0 0 0 1 1 0 1 0 0 0 0 0 1 0 0 0 0 0 2 1 1 0 0 0 0 0 0 0 1 0 0 0 0 0 0 2 0 
0 1 0 1 2 1 0 0 0 0 3 0 1 0 0 2 2 0 0 0 0 1 0 0 1 3 0 0 1 0 0 0 0 0 1 1 1 1 0 1 1 3 2 1 1 0 1 1 1 2 
2 2 3 1 3 2 1 3 1 1 2 2 3 0 1 1 2 2 1 3 2 1 1 2 2 0 3 0 2 0 2 0 1 2 1 2 0 1 2 1 2 0 2 4 2 2 0 2 1 3 
1 1 1 1 0 2 0 1 2 2 1 2 1 3 0 3 2 1 2 0 0 0 1 2 3 1 3 2 1 2 0 1 1 1 0 2 3 1 3 3 2 0 1 3 2 0 0 2 5 4 
3 2 2 3 1 5 0 1 3 2 0 0 2 1 1 3 1 1 4 1 0 2 1 4 1 2 2 0 4 0 1 1 0 0 0 2 2 2 1 3 1 1 1 1 2 3 3 2 3 3 
1 1 2 0 2 2 0 3 0 1 2 1 0 0 0 1 0 0 1 0 0 1 0 0 2 0 4 1 1 1 0 0 1 0 0 1 0 0 1 1 2 1 1 0 1 2 1 2 1 1 
1 0 2 2 2 0 2 0 1 1 2 2 1 3 1 1 1 1 0 1 0 0 1 0 0 0 0 1 0 0 2 3 0 1 1 2 1 0 0 0 0 2 0 1 0 2 2 2 1 1 
2 2 0 5 4 1 0 2 1 2 3 1 3 0 4 3 2 1 1 5 1 1 1 2 1 2 2 1 1 0 3 0 1 0 2 1 1 3 1 0 1 1 5 0 2 1 2 1 2 3 
0 2 1 1 2 0 0 1 0 0 1 1 0 1 1 0 1 0 1 0 1 4 1 0 4 2 1 4 0 1 3 0 4 0 1 1 0 0 1 2 2 0 2 1 1 0 3 0 1 0 
1 1 1 3 1 0 0 0 2 1 3 2 1 1 2 2 1 1 0 1 2 0 1 3 1 1 0 0 0 1 0 0 1 0 0 0 2 1 0 0 0 1 1 1 0 0 1 1 2 1 
0 1 1 0 0 0 1 0 0 1 0 1 0 0 1 1 1 0 0 2 2 1 0 1 0 1 0 0 0 0 0 0 0 1 0 1 0 0 0 2 0 1 1 0 0 0 0 0 0 0 
0 0 4 2 1 1 1 2 2 3 3 1 0 2 1 1 2 1 0 0 1 1 2 1 1 1 0 0 1 0 3 0 4 0 1 0 1 1 1 1 0 1 0 3 1 2 0 0 2 0 
1 2 0 0 0 0 3 3 2 1 1 2 1 2 1 1 0 1 0 0 0 1 2 4 1 2 0 3 2 0 0 1 0 2 0 1 0 3 1 0 0 3 0 1 2 1 0 1 2 1 
2 0 4 1 2 6 0 2 2 5 2 1 1 5 2 1 0 2 1 2 0 1 0 1 0 1 1 3 1 1 3 0 1 1 0 0 1 1 0 2 3 4 2 1 1 3 2 1 2 3 
0 0 2 1 1 0 0 2 2 0 1 3 1 1 1 0 0 1 0 1 1 0 0 1 1 0 0 0 1 1 0 1 0 1 0 1 0 1 0 1 1 0 1 0 1 1 0 0 1 2 
3 4 2 2 0 2 1 2 0 3 2 2 4 5 3 1 1 2 0 1 2 2 1 2 1 0 1 0 2 2 0 1 0 2 2 3 1 4 0 1 0 1 0 2 2 2 4 5 2 1 
1 0 2 4 0 0 1 2 2 0 1 1 0 1 0 0 1 0 1 1 0 0 0 1 2 1 2 0 1 0 1 0 1 0 0 2 0 1 0 0 0 0 0 0 1 1 3 1 0 2 
2 0 1 1 2 0 0 1 2 0 1 1 1 1 0 1 1 3 0 0 1 1 0 1 1 2 0 1 2 0 3 0 0 1 2 1 0 1 0 2 1 1 1 0 1 1 1 0 0 1 
0 0 0 0 0 0 0 1 0 0 1 0 1 1 0 0 0 0 1 0 1 0 0 2 0 1 1 2 0 0 0 0 1 0 0 0 0 0 0 0 0 0 1 0 0 1 1 0 0 0 
1 0 0 0 1 0 0 1 0 1 1 0 0 0 0 0 0 0 0 1 0 0 0 0 0 0 0 0 0 2 1 0 0 1 0 1 1 0 2 1 1 0 0 0 1 1 0 2 0 0 
1 2 0 1 2 0 1 2 0 2 1 3 1 2 0 1 1 2 1 2 1 0 0 0 0 2 0 1 1 1 1 1 2 2 3 0 0 0 0 1 2 2 1 0 1 0 5 1 3 1 
1 0 1 0 1 2 0 2 2 1 1 2 1 3 1 3 0 0 1 0 0 0 0 0 1 2 1 0 0 0 0 0 0 0 0 0 1 3 0 2 0 0 2 2 2 0 0 0 1 0 
0 0 1 2 0 1 2 1 2 4 0 1 1 0 1 0 2 1 4 4 4 1 4 0 3 1 2 1 1 2 0 0 1 2 2 0 0 0 1 2 1 0 2 0 2 0 4 1 0 3 
0 1 3 0 0 2 0 2 0 2 1 0 2 0 2 4 1 4 0 3 0 0 4 2 0 1 0 0 4 1 1 1 1 0 0 1 1 3 0 0 4 5 1 1 0 1 1 0 2 1 
0 0 0 1 1 1 1 1 0 0 2 0 1 2 0 1 1 2 0 1 0 0 1 1 0 1 0 0 1 0 0 1 0 1 0 3 0 1 0 1 0 1 0 0 0 0 0 0 0 1 
0 0 0 0 0 1 0 0 2 0 0 1 0 1 0 1 0 1 1 0 1 0 0 2 1 1 1 1 0 0 0 0 0 0 2 0 0 0 1 0 1 0 0 0 0 0 0 0 0 0 
0 0 0 0 1 1 0 0 1 0 0 0 1 0 0 0 0 0 0 1 1 2 0 0 0 0 1 0 0 0 0 0 0 0 0 1 0 1 0 1 0 0 0 0 1 0 0 0 0 0 
3 2 1 2 1 0 0 2 2 5 0 1 2 0 2 2 2 0 0 0 0 0 0 0 1 5 2 0 1 0 2 0 1 1 0 0 1 0 2 2 1 0 1 0 0 2 2 1 0 0 
2 0 3 2 2 1 3 2 1 2 2 0 0 1 3 2 0 1 0 2 0 0 2 4 0 1 0 1 0 4 0 2 1 0 1 3 0 3 0 1 1 3 1 2 1 1 2 0 1 1 
0 1 1 1 0 0 1 2 1 0 1 2 0 0 0 0 0 1 0 1 0 1 1 0 0 0 0 0 2 2 0 1 0 0 0 1 0 0 0 0 0 0 1 2 2 0 1 1 0 0 
1 2 3 3 1 2 4 2 4 1 5 0 3 1 3 1 1 3 2 0 4 0 2 0 1 3 2 1 2 1 1 0 3 2 2 3 0 2 2 1 4 2 0 0 1 0 3 1 1 3 
0 1 1 0 0 0 1 0 0 1 1 0 0 1 1 0 0 0 0 0 0 0 1 0 1 0 0 1 0 0 0 0 1 0 1 0 0 1 0 0 0 0 0 0 0 0 0 0 0 0 
0 1 0 1 0 0 0 1 1 0 0 1 3 0 1 1 0 1 0 1 1 2 2 1 1 0 0 1 0 0 0 0 3 0 2 0 0 2 1 1 1 0 1 1 1 1 1 2 2 1 
1 0 1 2 1 1 0 1 1 0 1 2 0 0 2 1 0 3 0 0 1 1 2 1 2 1 2 1 1 1 1 2 2 0 0 1 0 1 2 0 1 1 0 0 0 0 1 1 2 0 
