100
4 12 9 10 9 7 8 3 12 15 9 8 10 9 6 10 7 10 13 13 14 7 10 18 11 14 7 12 9 15 6 3 14 10 9 13 9 8 7 14 11 15 12 13 14 7 6 10 16 7 12 12 12 10 15 14 10 7 15 9 6 10 9 9 13 13 8 8 7 7 5 13 15 10 6 8 7 9 10 8 5 12 12 7 11 7 5 12 11 10 10 6 12 13 11 9 10 9 11 15 
9 4 4 2 1 9 8 6 2 5 2 6 3 9 2 7 6 10 7 8 2 9 10 6 4 9 1 3 4 5 3 5 9 4 8 4 4 2 3 8 5 1 10 2 4 3 6 2 9 8 9 10 2 1 3 2 9 5 7 5 4 1 7 9 10 8 8 3 7 8 6 5 9 1 7 5 2 1 4 2 9 2 8 4 9 3 10 5 10 3 6 8 7 2 2 9 6 8 2 5 
50
0 1 1 0 0 0 0 0 0 0 0 0 0 0 0 0 0 0 0 0 0 0 0 0 0 0 1 0 0 0 0 1 0 0 0 0 0 0 0 0 2 0 0 0 0 0 1 0 0 0 1 0 0 0 0 0 1 1 0 0 1 0 0 0 0 0 0 1 0 0 1 1 0 0 0 0 1 0 0 0 0 0 0 0 1 1 0 0 0 2 0 0 0 0 0 0 2 1 1 0 
3 0 1 2 2 4 2 0 0 0 1 0 1 0 0 2 1 0 0 1 3 2 3 0 1 0 0 0 0 0 1 2 1 1 0 1 0 0 0 1 1 0 1 2 0 1 0 1 1 1 1 0 0 1 1 3 1 1 0 0 1 1 0 2 0 0 0 1 0 0 0 0 0 0 3 1 0 0 0 0 0 1 1 1 1 1 0 0 0 1 1 1 0 0 2 0 0 1 0 1 
0 1 0 1 0 1 1 1 0 1 0 0 2 1 1 1 2 0 0 1 0 0 1 0 1 1 1 2 0 1 1 0 1 0 0 2 0 0 1 1 1 0 0 0 1 1 0 2 1 0 1 0 0 0 1 0 1 0 0 1 0 2 0 0 0 0 1 1 1 0 0 0 0 0 0 0 0 0 0 2 2 0 0 0 1 1 0 0 0 0 0 0 1 0 0 1 0 1 0 0 
1 2 2 2 1 2 1 2 0 0 0 0 1 0 2 1 0 0 1 0 1 0 1 1 0 1 0 0 0 0 0 0 1 0 1 1 0 1 0 1 0 1 0 0 1 0 1 0 1 0 1 0 0 0 1 0 0 0 1 0 0 0 1 0 0 1 0 1 0 2 0 0 0 0 0 1 1 1 0 0 0 2 0 1 0 1 0 1 0 0 0 1 1 0 0 0 1 2 0 1 
2 1 0 1 1 0 0 0 2 0 2 0 2 0 0 1 0 1 1 1 0 1 2 1 1 0 1 0 0 0 1 0 2 4 1 3 1 2 2 0 3 1 0 1 2 0 0 2 1 1 1 1 2 0 0 4 1 3 1 1 2 0 0 0 0 1 1 1 0 1 0 1 0 2 1 1 1 3 2 0 0 1 0 0 2 1 1 1 3 1 2 0 1 0 0 3 0 0 1 0 
3 1 1 1 1 2 1 0 0 1 1 4 1 1 1 1 4 1 1 0 0 2 4 1 0 0 1 0 1 1 3 0 0 0 0 0 1 0 0 1 0 1 0 1 2 1 3 0 0 0 1 3 1 2 2 0 1 0 3 1 2 1 3 0 0 0 0 1 0 1 0 2 2 0 0 1 1 1 1 0 0 2 2 0 1 2 1 1 2 1 1 0 1 2 0 0 1 1 0 1 
1 0 0 2 2 1 1 2 1 2 0 1 1 3 0 1 0 2 1 2 1 0 2 0 1 0 0 0 0 1 1 1 0 0 1 0 0 0 0 2 1 0 4 0 1 0 1 0 1 1 1 1 1 2 1 0 1 2 0 0 1 0 1 0 0 0 0 2 1 3 1 2 0 0 2 1 1 2 1 2 0 1 0 1 1 0 1 0 0 0 0 0 1 0 0 2 0 1 0 1 
0 0 0 0 0 0 0 0 0 0 0 1 0 0 0 0 1 0 1 0 0 1 0 1 0 0 0 2 0 0 0 0 0 1 0 0 0 0 0 1 1 1 0 0 0 0 0 0 0 1 0 0 0 0 0 1 1 0 0 2 1 0 0 0 1 0 0 0 0 0 0 0 0 0 0 0 0 0 0 0 0 0 1 0 0 2 2 0 1 1 1 0 0 0 0 2 1 1 0 0 
0 1 2 0 2 0 1 0 0 1 0 0 0 0 1 0 1 0 0 1 0 0 1 1 0 1 1 0 0 0 1 0 0 0 0 0 2 0 0 1 0 1 0 2 0 0 1 1 0 0 0 1 0 0 2 0 0 1 0 0 0 0 0 0 1 0 0 1 0 1 0 0 0 0 1 1 0 2 0 0 1 0 0 0 0 0 0 1 0 1 1 0 3 0 1 0 0 1 0 0 
0 0 0 2 0 0 0 1 0 0 1 0 1 0 0 1 0 1 0 0 1 1 0 0 0 0 0 1 1 2 0 1 0 0 1 0 0 0 1 0 0 1 2 0 0 0 1 0 0 1 1 0 1 0 0 0 0 0 0 0 1 0 0 0 0 0 1 0 0 0 0 0 1 0 3 0 0 1 0 0 0 3 0 0 0 1 1 0 0 0 2 1 1 0 2 0 0 2 1 0 
1 0 0 2 2 0 1 3 2 0 0 0 0 1 1 1 2 3 0 2 1 1 3 0 0 0 0 1 0 0 1 0 1 2 0 0 3 1 2 3 0 1 3 1 0 0 0 2 1 2 0 1 1 1 1 2 1 0 1 0 3 2 4 0 2 1 0 1 0 2 2 1 1 0 0 3 1 0 0 2 4 1 0 1 1 1 0 0 0 0 0 1 0 0 0 1 0 1 0 1 
0 0 0 1 0 0 0 0 0 0 0 1 1 1 0 0 0 0 1 0 1 1 4 1 1 1 0 1 0 1 0 2 0 0 0 0 0 0 0 1 1 0 1 1 2 0 1 0 1 0 1 0 0 0 1 1 0 0 0 0 0 1 1 0 0 0 1 0 1 0 0 2 0 1 1 0 0 0 0 1 0 0 0 0 0 0 0 0 1 0 0 1 0 2 1 1 1 2 1 0 
0 0 0 1 0 1 1 1 0 1 2 0 1 0 0 0 0 1 0 0 2 0 0 1 1 0 2 0 1 1 0 1 1 3 0 1 0 1 0 1 0 1 1 1 1 1 3 0 0 0 0 0 3 1 2 1 0 0 1 0 0 0 0 1 1 0 0 2 0 1 1 0 2 3 2 0 1 0 2 1 1 2 3 1 0 0 0 0 0 0 0 1 0 1 1 0 0 3 2 0 
0 1 2 2 0 0 2 1 1 2 1 1 1 0 3 1 1 0 1 0 1 1 1 0 1 1 0 0 3 1 0 0 0 0 0 0 0 0 3 0 0 0 1 3 0 2 2 2 1 1 3 2 0 1 0 3 1 1 2 2 1 2 2 0 1 0 2 0 3 1 0 1 0 0 1 0 1 0 1 1 0 1 2 1 0 1 0 0 1 1 0 1 1 1 1 0 1 1 0 1 
0 0 1 1 0 0 0 0 0 0 1 0 2 0 0 0 1 0 0 0 1 0 0 0 0 0 0 1 0 0 0 1 0 0 0 0 0 0 0 1 0 0 1 1 0 0 0 1 0 0 0 0 1 0 0 0 0 0 1 1 0 0 0 0 0 0 0 1 0 0 0 1 1 1 1 0 0 0 0 0 0 0 1 0 0 0 1 1 0 2 1 0 0 0 0 0 0 1 0 0 
1 1 0 0 1 2 1 0 1 1 0 1 1 1 0 0 0 1 1 1 2 0 0 0 0 2 2 0 0 0 0 0 0 1 0 1 1 0 1 1 0 0 0 0 1 0 0 1 0 0 1 1 1 0 1 2 0 0 0 3 0 0 0 0 0 1 1 1 2 0 0 0 1 0 2 0 2 0 0 0 1 0 0 2 1 1 1 1 0 1 1 1 0 1 1 0 0 1 0 2 
0 0 2 0 0 1 0 0 2 2 0 0 0 2 0 1 0 0 1 1 2 3 0 0 0 1 0 1 1 0 1 1 0 0 0 1 2 1 0 0 1 1 0 0 0 0 1 0 0 3 0 2 0 2 0 0 0 1 1 0 1 1 1 1 0 2 1 0 0 0 0 0 0 0 2 1 0 1 2 0 1 0 0 0 0 0 0 1 0 0 2 0 1 0 2 2 0 2 0 0 
0 0 0 0 0 0 0 0 0 1 2 1 0 0 0 0 3 0 0 0 0 1 0 0 0 0 0 2 1 0 1 0 0 2 0 0 0 1 0 1 0 0 1 0 0 0 1 0 1 0 1 0 0 0 1 1 0 1 2 0 2 0 0 0 1 0 1 0 0 0 0 0 1 0 2 0 0 0 0 1 0 1 1 1 0 1 0 0 0 0 0 0 0 1 0 0 0 0 0 0 
2 1 0 0 2 1 1 0 0 0 0 1 0 2 1 3 0 3 1 0 1 2 2 1 2 2 1 1 1 0 1 1 1 4 1 2 0 1 3 3 0 0 1 0 1 2 1 0 0 3 1 0 0 0 0 1 0 0 0 0 0 0 1 2 0 3 2 0 1 1 1 1 2 3 1 0 0 0 0 0 1 0 1 2 1 0 0 1 2 1 0 5 2 0 1 0 2 0 1 0 
0 1 0 0 0 1 1 0 0 0 1 1 1 1 0 1 0 2 0 0 1 1 2 0 0 1 1 0 1 0 0 0 1 0 1 0 1 1 1 0 0 0 0 0 0 1 0 0 0 1 0 0 0 1 0 0 0 0 1 0 0 0 1 0 0 0 1 1 0 1 0 0 0 1 1 0 1 1 0 1 0 2 1 0 1 0 2 0 0 1 0 0 0 0 0 0 0 1 0 1 
0 0 0 0 0 0 1 0 1 1 1 2 1 0 0 1 2 0 3 0 2 0 1 0 0 2 0 0 0 1 2 1 2 0 2 0 1 0 3 1 0 0 3 2 1 0 1 2 1 1 1 3 3 1 1 2 3 2 1 0 0 0 1 0 4 4 0 0 0 0 1 1 0 0 1 0 1 1 4 1 1 1 1 2 0 2 0 2 0 1 0 0 1 1 0 1 5 0 2 2 
1 0 0 0 1 0 0 0 0 0 1 0 0 0 0 1 0 0 0 0 1 0 0 0 1 1 0 1 0 0 0 0 0 1 0 0 0 0 1 0 0 0 0 0 1 1 0 0 1 0 0 0 0 0 1 0 1 0 1 0 0 0 0 0 0 0 3 0 1 0 0 0 1 2 0 0 1 1 1 0 0 0 0 1 0 0 0 0 0 0 0 0 0 0 0 1 0 0 0 0 
0 0 0 0 1 0 0 0 0 0 1 0 0 0 0 0 1 0 0 1 0 0 1 0 1 0 0 0 0 0 1 0 0 0 0 0 2 0 1 0 0 1 0 0 0 0 1 0 1 1 1 0 0 0 0 0 0 0 0 0 0 1 0 1 1 0 0 0 0 0 0 0 1 0 0 0 0 0 0 0 0 0 0 0 0 0 1 0 0 0 0 0 2 0 0 0 1 0 0 0 
1 0 0 1 1 1 0 1 0 1 1 0 0 1 1 1 1 0 0 0 0 0 1 0 1 0 0 1 2 0 1 0 3 1 1 2 2 1 0 1 0 1 1 1 0 0 3 2 0 1 0 1 0 3 0 1 0 4 1 0 0 2 1 1 0 1 1 1 1 2 3 1 1 0 0 1 1 1 0 0 2 1 1 2 1 0 0 1 1 0 0 1 1 0 0 0 2 0 0 1 
0 0 0 0 0 0 1 1 0 0 0 0 0 1 2 2 1 0 0 3 0 0 0 1 0 0 0 0 0 2 1 1 1 0 1 1 3 1 0 1 0 0 2 0 0 0 1 0 1 0 0 0 0 0 1 1 1 0 0 1 0 0 0 1 2 1 0 1 0 1 3 1 0 1 0 0 0 1 0 0 0 1 2 0 1 1 1 0 0 0 0 0 0 2 0 0 1 0 0 1 
0 0 0 0 0 0 1 0 0 0 2 0 0 1 0 1 0 0 1 0 0 0 0 0 1 0 0 0 0 1 1 0 0 0 0 1 0 1 0 0 0 0 0 1 0 0 0 0 0 0 0 0 1 0 0 0 1 0 0 1 1 0 0 0 0 2 0 0 0 0 0 0 0 0 0 0 1 0 1 0 0 1 1 2 0 0 0 0 0 1 0 0 1 1 0 0 0 0 1 0 
0 0 0 0 1 1 0 1 1 0 0 0 0 1 1 0 0 1 1 0 0 0 0 0 0 0 1 0 1 0 1 2 0 3 1 0 0 1 3 2 0 0 1 0 2 0 1 0 0 1 0 1 1 0 2 3 1 2 2 1 0 1 2 1 1 2 0 1 1 1 1 0 0 1 0 0 0 1 3 0 1 0 1 0 0 0 0 0 0 1 0 1 0 1 2 0 0 0 2 1 
0 0 0 0 0 0 0 0 0 0 0 0 0 0 0 1 0 0 0 0 0 0 0 0 0 0 0 0 0 0 0 1 1 0 0 0 1 0 0 0 1 0 0 0 0 0 0 0 0 0 0 0 0 0 0 0 0 0 0 0 1 0 0 0 0 2 0 1 0 0 0 0 0 0 0 0 0 0 1 0 0 0 0 0 0 0 0 1 0 0 0 0 0 0 0 0 0 0 0 0 
0 1 1 0 2 0 0 0 0 1 1 0 0 0 0 0 0 0 0 0 0 0 0 0 0 0 2 0 0 0 1 0 0 0 0 0 0 0 0 0 0 1 0 0 1 0 0 1 0 0 0 0 0 2 1 0 0 0 2 0 0 0 0 0 0 1 0 1 0 0 1 0 0 0 0 0 1 0 0 0 0 0 0 0 0 1 0 0 0 0 0 1 0 0 1 1 1 0 0 0 
0 0 0 0 2 0 0 1 1 0 0 0 0 0 0 0 0 0 0 1 1 1 0 1 0 0 1 0 0 0 0 1 0 0 0 0 0 0 1 1 0 0 0 0 0 1 0 1 0 0 0 0 0 0 0 0 0 0 1 0 0 0 0 0 1 0 0 0 0 1 0 0 0 0 1 0 0 0 0 0 2 0 1 2 0 1 0 0 0 1 1 0 0 1 0 2 0 0 0 0 
0 0 0 0 1 0 0 0 1 1 1 3 0 0 0 0 0 2 0 2 2 0 0 1 3 0 0 2 0 1 0 0 0 4 0 0 0 0 1 1 2 1 0 1 1 0 2 0 1 0 0 2 1 0 0 1 2 0 2 1 0 0 0 0 1 1 0 1 0 5 1 1 1 0 1 0 1 3 0 1 2 3 1 1 2 0 0 0 1 1 2 2 2 0 0 1 2 2 0 3 
0 0 1 0 0 0 0 0 0 0 0 0 1 0 0 0 1 0 0 0 0 0 1 0 0 1 0 0 1 0 1 1 0 0 1 1 1 0 0 1 1 0 0 0 1 0 4 0 0 1 0 0 2 1 0 0 1 0 0 1 1 0 1 1 1 1 0 0 0 1 0 0 0 1 1 1 4 0 0 0 1 1 1 1 1 2 0 0 0 1 0 0 0 0 1 0 0 0 1 1 
0 0 0 0 1 1 1 0 0 1 0 2 0 1 0 2 1 2 0 1 2 1 0 1 2 1 0 0 0 1 0 0 1 1 0 1 0 0 1 0 1 0 2 0 0 1 1 0 1 1 0 2 0 0 0 0 1 2 0 1 2 0 0 0 1 0 0 0 0 1 0 0 0 0 2 1 0 1 1 0 0 0 0 0 1 1 0 0 0 1 1 1 0 1 2 0 1 1 1 1 
1 0 1 2 1 0 1 1 0 2 0 1 0 3 2 0 0 0 1 1 0 0 1 2 0 0 0 1 0 0 0 0 0 1 1 0 0 0 0 2 1 2 0 1 0 0 0 2 3 0 0 0 0 0 1 0 1 0 0 2 0 0 0 0 1 0 1 0 1 0 0 0 0 1 0 0 0 2 0 0 0 1 1 1 1 2 0 2 0 1 1 1 0 0 1 0 0 0 2 0 
0 1 0 0 1 0 0 0 0 0 0 0 2 2 0 0 0 0 0 0 0 1 0 0 1 0 0 1 0 1 0 0 0 0 0 0 1 3 0 0 0 0 0 0 0 0 1 0 0 1 0 0 1 3 0 0 0 0 2 0 0 0 0 0 2 0 0 1 1 0 0 2 1 0 1 0 0 0 0 1 1 0 0 0 1 0 0 0 0 0 0 0 0 1 0 0 0 1 0 0 
2 0 1 0 0 0 0 1 0 0 0 0 2 1 0 0 0 1 0 0 0 1 0 0 0 1 2 0 0 0 1 0 0 0 0 3 0 1 0 0 1 0 1 0 1 0 1 0 0 2 0 1 0 1 1 1 0 1 0 0 0 1 0 0 2 0 1 1 0 1 0 0 1 1 1 3 0 1 0 0 0 0 0 2 1 0 0 1 0 2 0 2 0 1 0 0 0 0 1 1 
0 0 0 0 0 0 3 0 0 0 1 1 0 2 1 0 1 0 0 0 0 1 0 1 0 2 0 2 0 1 1 0 1 0 1 3 0 0 1 1 2 2 1 0 0 2 0 0 1 0 0 1 2 3 0 0 1 2 0 0 0 0 0 0 1 0 0 0 1 1 0 0 0 0 1 1 0 1 1 1 0 0 0 0 1 0 1 2 0 1 0 1 2 1 0 0 2 0 0 1 
1 0 0 0 1 1 0 1 0 0 0 1 3 0 2 1 1 0 0 2 1 0 2 1 0 0 0 0 1 0 0 0 1 1 1 0 0 2 2 0 3 3 2 0 1 0 1 0 0 2 1 0 0 0 0 0 0 0 0 2 0 0 1 2 1 2 1 0 3 0 2 0 0 0 1 0 0 0 0 0 1 1 0 1 0 0 2 0 2 0 0 0 0 0 2 0 1 0 0 0 
1 2 0 1 0 0 1 0 0 0 0 1 0 0 0 1 0 0 1 1 2 0 1 0 0 0 0 1 0 1 0 1 0 0 1 0 0 4 0 1 0 0 0 1 2 0 2 0 2 0 0 2 1 0 0 0 0 0 1 0 2 0 0 0 2 0 1 0 1 0 1 0 0 0 1 1 0 0 0 0 0 1 0 0 0 0 0 2 0 0 1 0 1 0 0 0 1 0 0 0 
0 0 0 0 2 3 2 1 0 0 1 1 1 0 0 1 1 0 0 1 0 2 0 2 0 1 0 1 0 1 1 1 3 2 1 2 0 0 0 1 2 0 0 0 1 1 2 0 1 0 1 1 3 0 1 4 2 0 1 1 0 1 1 2 0 2 2 1 0 3 1 1 1 1 0 0 0 1 1 1 0 1 1 1 1 0 0 2 0 2 2 0 0 0 1 2 0 0 0 0 
0 0 1 0 0 0 0 1 1 0 1 0 1 0 2 0 1 2 0 1 0 1 0 0 0 0 0 0 0 1 1 0 1 1 0 0 0 1 0 0 0 1 0 1 1 2 0 0 1 0 0 0 0 1 0 0 1 0 0 1 0 1 0 0 0 1 0 0 0 0 2 0 0 0 0 0 0 0 2 1 0 0 0 0 0 0 0 0 0 1 2 0 0 0 1 2 0 1 0 1 
2 0 0 1 0 0 1 0 0 0 0 1 0 0 0 1 1 2 0 0 0 0 0 2 0 0 0 0 0 0 0 0 0 0 1 1 0 0 0 1 1 0 0 1 0 0 0 2 1 1 0 1 0 0 0 0 0 0 1 1 0 0 1 1 0 0 0 0 0 1 1 1 0 2 0 0 0 0 2 1 0 0 0 0 0 1 0 4 1 2 0 0 0 0 1 0 1 0 0 1 
0 0 0 3 0 0 0 0 0 2 0 0 1 0 0 0 0 0 0 0 1 1 0 0 0 0 1 0 0 0 1 0 0 1 0 1 0 2 1 0 0 0 0 2 3 2 1 0 2 0 0 0 0 0 0 1 1 0 0 0 0 1 0 1 0 0 1 0 1 0 0 0 1 0 1 1 1 0 0 0 1 0 0 0 0 1 3 1 2 2 0 3 0 0 2 0 2 3 0 1 
0 3 0 1 0 0 1 0 1 0 1 2 1 0 1 2 1 2 0 2 1 0 0 1 0 1 1 1 3 0 1 0 0 1 1 0 2 0 2 0 0 0 1 1 2 1 0 0 0 0 0 1 0 0 2 2 0 0 1 0 0 2 1 1 2 1 1 0 1 2 1 2 1 2 1 0 1 0 0 0 0 0 1 0 1 2 0 1 0 0 0 0 0 1 0 1 3 2 2 0 
1 1 0 0 1 1 2 0 0 0 0 0 1 0 1 0 0 0 0 0 1 1 0 1 0 1 0 1 1 0 1 1 0 0 0 0 2 1 0 0 1 0 0 1 0 0 1 0 0 0 0 0 0 0 1 0 0 1 0 1 0 0 2 0 0 3 1 0 1 0 0 0 1 0 1 1 1 0 0 0 0 2 0 0 0 1 1 0 0 1 1 0 0 0 1 0 0 0 1 0 
1 3 0 0 1 1 1 0 0 0 0 0 1 0 4 0 0 1 0 0 0 0 0 1 1 1 1 0 0 0 2 0 0 0 0 0 0 0 2 0 2 0 0 0 4 0 2 0 0 1 0 1 1 0 2 0 2 1 0 2 0 0 0 0 0 0 1 0 0 1 0 0 0 0 1 2 1 3 2 1 0 2 0 0 0 0 1 0 0 0 0 0 0 0 0 0 0 1 1 0 
0 0 0 0 0 0 1 0 0 0 0 1 0 0 0 1 0 0 0 0 0 0 0 1 0 1 0 0 0 0 0 1 0 0 0 0 0 0 0 0 0 0 0 0 0 1 0 0 0 0 0 0 0 0 0 1 0 1 0 2 0 0 0 0 0 0 1 0 0 0 0 0 1 1 0 0 1 0 0 1 0 0 0 0 0 0 0 0 0 0 0 0 0 0 0 0 0 0 0 0 
0 1 1 1 1 2 0 0 1 1 1 0 0 2 0 0 0 1 0 2 2 2 0 2 0 2 0 2 0 2 1 2 0 3 2 1 0 0 0 1 1 1 0 0 2 3 2 0 0 0 1 0 0 2 0 0 0 0 0 1 1 0 4 1 1 1 0 2 2 1 2 1 1 0 0 1 1 0 3 1 1 0 2 1 0 2 1 1 3 1 1 2 0 2 1 0 1 2 0 2 
2 0 2 3 1 1 0 1 0 1 0 1 1 1 1 1 0 1 1 0 1 0 1 1 0 3 1 2 0 1 0 0 3 1 2 2 1 0 0 0 2 1 1 0 0 2 0 0 1 0 1 1 1 1 2 0 2 4 0 2 0 1 2 0 0 1 0 1 1 1 4 1 0 2 0 0 1 2 0 2 1 1 0 0 0 1 2 1 1 1 1 2 0 1 0 0 1 0 2 2 
1 2 0 0 0 0 0 0 2 0 0 1 2 0 2 0 1 0 0 1 0 0 0 1 1 2 2 0 0 0 1 0 0 3 1 0 0 0 0 0 0 1 0 0 1 0 1 1 0 0 0 2 2 0 2 1 0 1 1 0 1 1 1 2 1 1 2 0 0 0 2 0 2 0 0 3 2 0 0 0 1 0 0 1 0 1 1 2 0 0 0 0 0 0 1 0 0 0 0 0 
