50
26 40 30 48 38 37 39 45 50 32 43 41 50 42 48 45 31 39 37 25 47 35 42 25 47 51 52 44 32 39 36 46 36 34 43 37 42 43 32 50 34 37 38 47 47 44 39 36 37 42 
4 1 10 3 2 7 8 8 2 1 4 3 8 5 10 7 9 1 3 8 1 10 9 10 2 10 1 7 1 1 5 6 3 4 2 5 6 6 3 2 3 2 2 2 3 5 6 1 3 2 
100
2 1 0 1 3 1 0 1 2 2 1 1 1 2 1 3 2 2 2 1 4 2 3 0 1 2 0 1 2 0 6 2 3 2 1 1 1 2 2 3 3 3 0 1 0 1 2 2 2 4 
2 2 0 1 2 0 2 0 0 3 3 4 2 2 2 3 0 0 0 1 0 1 2 4 3 2 3 4 1 3 1 0 2 2 1 3 0 1 2 1 1 6 1 2 2 0 0 0 2 0 
1 1 0 2 0 1 1 0 0 1 1 2 3 0 2 1 0 0 0 0 0 0 1 0 2 0 2 1 0 1 0 0 1 1 1 2 1 0 1 3 1 1 2 0 1 1 0 2 0 1 
0 3 2 3 2 2 1 4 3 3 2 2 1 1 0 4 0 3 3 1 6 0 2 2 1 0 3 1 0 1 1 1 1 1 0 1 1 2 2 0 0 1 0 0 0 0 0 1 3 1 
1 1 1 4 1 1 1 0 1 2 1 2 1 2 2 5 0 0 1 2 3 3 0 0 3 1 1 0 2 3 1 2 0 1 0 2 1 2 2 1 3 0 0 1 0 3 1 1 1 3 
1 1 2 2 0 4 0 0 1 1 1 1 1 1 4 1 0 0 0 0 1 0 0 1 0 2 0 1 1 0 0 1 0 1 0 1 1 1 0 2 2 0 0 3 2 0 1 0 2 2 
0 1 2 1 0 0 1 0 0 1 0 1 3 2 2 3 4 2 0 0 2 1 0 5 0 2 4 3 1 2 1 3 2 4 1 3 1 0 2 1 0 1 2 0 3 2 0 0 1 3 
0 0 1 0 1 2 5 0 1 3 1 1 0 0 2 1 1 1 0 2 1 0 0 2 1 3 1 1 0 0 0 1 1 3 1 2 1 3 1 1 0 1 0 2 1 3 1 1 2 2 
2 2 0 4 0 3 3 0 1 0 0 1 1 1 3 1 2 3 1 3 3 1 1 2 2 2 1 2 1 0 3 3 0 0 1 0 0 1 2 1 0 2 3 2 2 0 0 1 1 2 
4 3 1 0 3 1 3 0 2 5 1 0 2 2 2 0 2 1 2 4 2 3 2 2 0 1 3 1 1 1 2 1 0 2 4 2 0 2 1 2 1 5 2 1 1 3 5 3 2 1 
1 0 1 1 1 1 2 0 4 1 1 1 4 0 1 0 1 0 0 0 1 1 1 1 2 1 0 1 1 2 1 3 1 2 3 2 2 1 0 0 2 0 0 0 1 1 2 0 2 1 
1 0 0 1 1 0 0 0 0 3 0 0 0 0 0 0 0 0 1 1 0 0 0 0 0 0 0 1 0 0 0 0 0 1 0 2 0 0 0 1 0 0 0 0 0 1 0 0 0 0 
1 1 0 0 0 0 1 2 0 1 0 1 1 1 1 0 0 0 0 2 2 1 0 2 0 1 1 2 1 1 1 1 0 2 0 5 1 2 3 1 1 0 1 1 4 1 1 1 0 2 
5 1 2 2 2 2 1 3 4 0 1 3 1 1 2 1 3 1 2 2 4 3 3 4 1 3 2 5 1 0 1 3 0 2 0 1 1 3 1 0 2 1 1 2 0 2 2 3 1 2 
1 2 0 2 2 0 1 1 2 0 0 3 0 1 1 1 1 0 0 3 0 3 2 2 2 0 0 0 0 1 0 0 2 0 2 0 2 1 3 1 1 1 2 0 4 0 1 2 2 3 
0 1 0 4 1 0 0 1 0 1 2 1 1 0 0 1 1 2 1 0 0 2 0 1 1 1 3 0 1 1 0 0 2 0 0 0 1 1 0 0 0 2 0 2 2 0 1 1 0 0 
2 1 1 3 0 4 2 4 2 1 3 2 0 3 0 0 0 0 1 1 0 1 1 2 1 3 1 2 1 1 2 3 0 0 0 1 0 0 0 2 2 3 1 0 0 3 2 1 3 2 
1 0 1 2 3 3 3 1 0 2 3 1 0 1 3 2 4 1 2 2 2 1 0 3 0 2 2 3 0 3 0 3 1 2 0 3 3 2 1 1 0 2 2 1 2 1 1 3 2 0 
0 3 1 4 0 2 2 0 2 4 2 1 2 3 2 2 2 1 3 2 0 2 3 2 0 2 1 1 0 0 2 1 2 2 4 2 1 0 1 1 2 1 2 1 2 1 1 2 1 0 
1 0 2 0 1 0 2 0 3 1 1 2 0 0 3 1 2 2 2 0 1 0 0 0 0 1 2 1 2 1 3 0 1 0 1 1 1 0 3 1 0 3 0 2 1 2 1 2 0 1 
1 0 1 1 1 1 0 3 0 0 0 2 0 1 2 2 2 2 1 1 2 0 1 5 0 1 0 0 1 0 1 0 1 4 1 0 0 2 0 0 1 1 0 1 2 0 0 0 1 1 
0 1 1 1 0 0 0 3 1 1 0 2 1 0 1 1 4 1 1 0 0 1 0 0 0 0 2 0 0 0 0 1 4 0 0 1 1 1 0 0 0 1 1 0 0 0 0 1 2 0 
0 0 1 1 0 0 0 1 0 1 0 0 0 0 1 1 0 1 0 0 0 0 1 1 1 0 0 0 0 0 0 1 0 0 0 1 0 0 2 1 1 0 0 0 0 0 1 0 0 0 
0 0 1 1 0 1 2 1 3 0 0 0 1 0 3 1 2 0 0 0 2 0 0 2 1 0 0 0 1 0 0 0 2 3 2 1 0 1 4 1 1 1 1 2 1 0 1 4 0 3 
3 1 1 1 1 3 3 1 3 1 3 3 2 0 1 2 1 4 3 0 1 0 2 2 3 2 2 1 1 0 1 1 2 2 3 1 0 0 1 1 1 5 3 1 2 1 1 1 1 2 
1 2 2 1 0 3 1 0 3 0 1 1 1 1 0 0 0 0 0 0 0 1 1 0 1 1 2 1 2 4 1 2 0 0 1 4 0 2 1 0 0 0 0 1 0 2 0 0 1 1 
0 1 0 1 0 1 0 0 1 1 0 0 0 0 0 0 1 0 1 0 0 0 0 0 2 0 1 0 0 1 0 0 1 0 0 0 0 0 0 1 0 0 0 0 0 1 0 0 0 0 
2 2 2 3 2 4 1 0 1 1 0 1 1 2 1 2 0 0 5 2 1 3 1 2 0 2 1 2 2 2 1 1 1 2 2 1 2 0 0 0 3 1 0 1 4 4 1 1 1 1 
1 1 3 5 2 1 3 1 2 3 2 5 4 3 0 2 1 1 1 2 0 1 2 2 1 3 1 1 2 1 0 2 5 4 2 1 1 1 1 0 1 0 2 3 0 1 1 1 1 2 
0 1 1 0 1 1 1 0 0 1 1 1 4 1 1 2 1 3 0 2 1 2 0 0 0 3 2 1 2 1 0 0 0 1 1 3 1 0 1 0 1 1 0 0 2 0 1 0 2 0 
1 1 2 3 0 1 0 0 0 0 3 0 0 0 2 1 2 1 2 2 3 3 1 2 0 1 2 3 4 1 1 2 0 1 3 0 1 0 0 1 2 1 2 1 0 1 0 2 2 1 
0 1 0 0 0 0 0 1 0 1 1 0 0 0 0 0 1 1 0 0 1 1 0 0 0 0 1 0 0 1 0 1 0 1 1 0 0 3 1 0 1 1 0 0 2 1 0 0 0 0 
0 2 3 4 1 2 2 1 2 2 2 3 7 3 0 2 3 2 2 0 3 2 2 3 0 0 0 2 3 2 3 1 3 1 2 4 2 3 3 0 1 3 2 1 2 1 2 2 0 4 
2 1 0 1 1 3 1 0 0 2 3 0 0 3 6 1 4 1 2 0 1 0 3 1 4 1 2 4 0 0 1 2 4 0 0 3 1 4 0 2 0 3 1 0 2 1 3 4 1 0 
0 0 0 1 0 0 0 0 0 0 0 0 0 0 0 0 0 0 0 0 0 0 1 1 0 1 0 1 0 0 2 0 2 0 0 0 2 0 0 1 1 0 0 0 0 0 0 0 0 0 
2 1 2 1 1 1 1 1 1 1 1 0 0 3 1 0 1 0 3 1 1 0 1 1 0 0 0 1 1 0 0 2 1 1 2 0 2 1 2 5 1 2 1 0 0 2 0 3 1 0 
2 6 2 2 1 0 1 1 0 0 1 1 2 1 4 4 2 1 1 2 1 5 0 0 1 2 3 1 3 1 0 1 1 0 0 1 1 0 2 2 2 1 1 1 0 3 1 1 3 2 
1 2 1 2 2 1 0 0 1 2 2 1 0 3 1 1 0 1 3 2 0 1 2 2 1 2 1 0 1 2 0 2 2 3 3 0 0 1 2 3 2 0 1 0 1 1 1 4 3 2 
0 2 3 1 1 1 2 1 2 0 0 0 0 0 0 0 1 2 0 1 1 1 0 1 1 1 0 0 2 0 0 0 0 1 0 0 2 1 1 2 0 0 2 3 2 0 0 0 3 1 
0 5 4 1 2 2 4 1 3 1 2 2 1 1 1 0 4 1 1 4 0 2 2 2 1 2 1 1 1 1 4 3 1 2 4 1 1 2 1 3 2 3 1 5 3 3 2 1 3 2 
0 4 0 1 2 0 1 3 1 2 0 1 1 1 1 3 0 3 1 0 0 0 1 1 1 1 1 2 0 0 2 2 2 0 1 1 0 3 2 3 0 3 0 1 2 1 1 1 1 1 
2 0 2 1 2 1 3 1 1 0 0 2 3 3 0 0 0 1 1 2 0 1 3 1 1 2 3 3 1 0 3 1 0 1 2 1 1 0 3 1 0 2 2 3 0 1 1 1 1 0 
2 1 0 0 2 1 2 0 1 2 2 0 0 3 0 2 1 1 3 2 0 1 2 0 0 0 0 1 0 3 0 1 0 1 0 2 1 2 0 2 0 5 2 1 0 1 0 2 0 0 
1 0 0 2 1 1 1 0 0 0 0 0 0 0 0 1 0 2 0 1 1 0 1 1 2 0 1 0 0 1 0 0 0 0 1 3 0 1 1 0 0 0 0 0 0 1 0 0 0 1 
1 1 0 2 0 2 1 1 1 2 1 3 0 0 2 1 0 0 1 1 2 1 3 1 1 1 0 3 5 1 3 3 0 4 1 1 3 0 3 1 0 0 2 0 0 1 0 0 3 2 
1 3 2 1 2 0 1 0 3 1 1 2 1 0 6 1 6 2 0 1 1 1 0 1 0 1 3 3 2 1 0 0 3 3 2 0 2 1 2 1 0 0 5 3 0 1 2 0 1 1 
0 1 0 0 0 0 1 1 0 0 0 1 0 3 2 0 0 1 2 0 1 1 1 2 2 0 1 0 3 0 1 2 2 0 3 1 1 0 0 3 0 2 2 0 0 3 1 1 1 3 
0 0 1 1 1 1 0 3 0 1 1 1 4 1 1 2 4 2 1 2 1 1 1 0 1 1 0 2 0 2 2 1 2 1 2 2 0 5 1 1 2 2 5 0 3 2 3 3 2 0 
4 0 1 4 0 1 4 1 1 4 0 2 5 1 1 5 1 1 3 1 4 1 1 2 2 2 1 2 0 3 1 3 1 0 0 2 1 0 2 2 1 2 5 1 2 3 2 0 1 0 
0 0 1 0 0 0 1 0 0 0 0 0 0 1 0 0 0 0 2 0 0 0 0 0 1 1 1 0 0 0 0 0 0 0 0 0 0 0 0 2 0 0 0 0 0 0 0 0 0 0 
1 1 1 0 1 0 1 1 1 0 0 0 0 1 0 0 1 1 2 2 1 0 0 0 0 1 2 0 0 0 2 0 0 0 0 0 0 0 0 0 0 0 0 1 0 1 0 1 0 0 
0 0 2 0 2 0 3 2 1 1 0 0 2 0 0 2 2 2 1 0 1 0 0 2 1 1 3 1 1 2 0 0 1 1 2 1 0 1 0 0 1 2 0 1 0 2 1 2 1 0 
3 1 2 1 2 0 2 5 1 5 1 4 3 2 2 0 3 4 3 3 0 0 2 0 0 0 3 2 5 2 0 2 0 2 1 5 0 1 1 1 1 2 0 1 1 1 2 1 1 3 
0 0 1 0 0 2 1 3 2 3 0 1 1 1 0 2 0 3 1 1 2 0 2 3 1 1 0 0 1 0 1 2 1 2 0 1 2 2 2 1 1 2 0 0 1 2 2 2 1 1 
0 0 0 1 0 0 1 1 1 1 1 0 0 0 0 1 0 0 0 0 0 0 0 0 0 0 0 1 0 0 0 0 0 0 0 0 0 1 1 0 0 0 0 0 0 0 0 0 0 1 
1 1 1 1 3 0 2 2 1 1 1 2 1 2 0 1 0 4 1 1 1 2 4 0 1 3 2 0 2 2 2 1 1 4 2 2 2 1 2 2 1 0 1 0 1 2 3 1 1 2 
4 1 3 1 0 3 1 1 1 1 2 2 2 1 2 1 1 0 1 2 1 0 1 2 3 1 1 6 0 2 0 2 0 3 2 2 2 2 1 1 1 1 0 1 3 2 0 3 4 2 
3 1 1 2 1 1 2 3 2 1 5 3 0 2 2 3 2 0 3 1 4 0 4 2 3 2 4 1 3 1 3 1 3 3 2 1 1 0 1 1 4 1 3 2 2 2 2 2 0 4 
1 1 0 1 3 3 0 2 0 1 0 1 0 1 1 1 1 1 0 2 4 0 0 1 1 1 2 0 3 0 3 1 3 0 3 0 0 1 2 3 1 3 0 1 1 1 0 2 1 0 
1 0 1 0 0 1 0 0 0 0 3 1 0 0 0 0 0 0 0 0 0 0 0 0 1 0 0 0 1 0 0 2 1 1 0 0 0 2 0 0 0 0 0 0 0 0 0 0 0 0 
1 3 1 1 0 2 4 2 1 2 0 0 1 3 3 4 2 2 1 0 1 1 0 0 2 3 1 2 0 3 0 2 1 1 2 2 1 2 0 1 0 2 0 1 0 1 1 1 0 2 
2 1 0 2 0 0 2 3 1 1 2 1 1 0 1 1 3 2 2 0 1 1 2 2 1 3 2 0 2 1 0 2 1 0 1 1 3 2 3 0 1 0 1 0 2 0 1 1 0 1 
1 3 1 0 0 1 1 0 1 2 0 0 0 1 1 1 0 1 0 0 2 1 0 0 0 0 0 0 1 0 0 0 0 1 0 1 0 0 1 0 1 1 1 2 0 0 3 0 1 0 
0 2 1 3 0 1 1 1 3 0 2 1 1 1 0 1 2 2 0 1 1 0 2 1 1 1 2 3 6 0 1 4 1 1 1 0 1 0 1 1 2 2 2 1 0 1 1 1 2 3 
3 2 3 0 0 0 0 1 6 6 1 3 1 3 2 1 1 2 0 2 1 3 4 2 0 0 4 0 1 0 2 1 1 4 4 1 0 0 1 2 2 2 5 4 3 3 1 0 2 0 
0 0 0 1 2 1 5 1 1 2 2 2 1 2 1 1 1 2 2 0 1 4 2 1 1 0 0 2 3 4 1 1 2 2 2 3 8 1 1 0 3 3 2 1 0 1 2 0 2 0 
1 2 4 0 0 3 2 1 1 0 2 2 0 0 1 3 2 2 1 1 1 0 2 1 0 0 3 1 0 0 1 1 2 1 2 1 2 0 0 1 1 1 2 1 1 3 1 1 1 1 
2 2 2 1 2 0 5 0 1 2 3 2 0 1 1 1 2 2 2 4 0 1 3 3 2 0 0 1 2 1 2 3 1 1 3 0 3 2 3 3 5 4 2 0 2 3 3 1 2 4 
1 4 1 0 0 4 1 2 0 4 2 1 3 3 1 1 2 1 2 1 2 3 3 2 5 2 4 1 4 1 0 1 3 2 1 1 3 5 4 3 2 3 0 1 2 2 1 0 2 1 
3 1 1 1 0 0 2 2 3 1 1 1 0 4 3 0 2 1 1 3 3 0 0 4 1 0 0 2 1 2 0 0 2 2 0 0 2 0 1 3 0 3 3 1 2 3 0 1 0 2 
1 1 1 1 0 3 2 2 0 0 1 2 1 4 0 0 0 1 1 0 2 0 0 0 1 0 1 0 1 3 1 2 1 1 1 1 0 0 3 3 3 1 2 2 1 0 1 2 3 0 
1 1 0 2 0 0 0 1 0 0 1 0 1 2 1 0 0 1 2 0 1 0 0 1 0 0 0 2 0 1 0 0 0 1 2 0 0 0 0 0 0 0 0 1 2 2 0 0 0 1 
2 0 1 2 0 3 1 0 2 1 4 2 1 1 6 2 0 1 2 2 3 2 2 3 2 3 6 1 0 2 1 3 2 0 2 3 2 2 4 0 0 2 4 4 1 2 0 3 3 0 
0 0 1 1 1 0 0 0 0 0 0 1 0 0 0 0 0 0 0 0 0 0 0 0 0 1 1 0 1 0 0 1 2 0 0 0 0 1 0 0 0 0 0 2 0 0 0 0 0 0 
0 0 1 1 0 2 0 1 0 0 0 0 1 0 2 0 0 1 1 1 0 0 0 0 0 0 2 1 0 0 0 1 0 1 1 2 0 0 1 0 0 0 1 0 0 0 1 0 1 1 
4 2 0 1 1 1 3 1 0 4 2 3 2 0 1 1 0 2 0 1 0 1 2 4 0 3 6 1 0 4 1 1 4 3 4 0 1 1 0 3 3 1 3 0 3 3 3 3 3 3 
2 2 1 1 0 1 0 2 0 2 3 0 0 1 1 2 1 2 5 1 2 1 0 1 1 2 2 1 3 1 2 1 3 2 2 0 2 3 2 5 1 0 2 2 3 2 5 3 0 1 
2 0 0 0 1 0 0 2 1 1 0 1 3 2 0 0 0 1 0 0 0 1 0 2 1 1 2 1 1 0 0 0 1 1 0 0 1 0 2 0 0 1 1 0 0 0 0 0 0 1 
1 1 1 3 0 0 1 1 1 1 1 1 2 0 0 1 2 0 1 0 0 1 3 0 1 0 1 1 3 0 2 0 1 1 0 0 1 1 1 2 3 2 3 3 2 1 2 4 1 1 
0 1 5 0 1 3 1 2 1 1 2 1 1 0 1 0 1 2 2 2 0 0 0 0 1 1 2 1 0 0 3 1 2 0 1 0 1 2 2 0 1 2 1 0 0 1 1 1 1 0 
2 1 1 1 1 1 0 1 0 1 0 6 5 1 2 3 4 1 1 4 4 2 1 3 1 1 1 1 1 0 1 4 3 0 4 1 2 1 0 1 2 1 0 1 0 1 1 0 3 5 
2 4 1 2 0 2 0 1 2 3 1 2 1 2 2 0 2 1 2 1 3 4 1 2 2 0 2 2 1 7 2 0 2 1 2 5 4 2 4 1 3 3 3 2 3 2 2 1 0 3 
0 2 0 3 4 0 1 0 4 2 1 3 1 3 2 2 1 0 3 2 1 1 2 1 1 1 3 5 1 2 0 1 0 0 0 2 1 2 1 0 0 1 0 3 2 3 0 0 1 2 
0 0 0 2 0 0 0 0 0 0 0 0 0 0 0 0 0 1 1 0 0 1 0 0 0 1 0 0 1 0 1 0 0 0 0 0 0 0 0 0 0 0 1 0 0 0 1 1 0 0 
2 0 0 2 2 1 1 0 0 1 0 0 1 1 0 0 0 3 0 0 0 0 0 0 0 0 2 1 1 0 0 0 0 0 1 0 0 1 0 0 1 0 0 0 0 1 0 0 0 0 
1 1 1 0 0 2 0 0 0 0 0 0 0 1 0 2 0 0 0 2 1 0 1 1 1 0 1 1 0 0 0 2 1 1 2 0 1 0 1 0 2 0 1 2 2 0 1 4 1 3 
1 2 0 0 0 1 0 3 1 1 1 1 0 0 1 2 0 0 0 0 0 0 0 1 0 0 0 1 0 0 0 0 0 0 0 0 1 2 0 3 0 1 0 0 1 0 0 0 1 1 
0 2 2 2 1 1 2 2 1 1 0 1 1 1 0 0 2 0 2 0 2 0 1 1 1 0 1 2 2 0 1 2 1 1 2 1 0 1 0 2 2 3 1 2 2 1 2 1 0 1 
1 0 1 1 1 2 2 1 1 1 0 2 0 0 0 0 1 2 3 2 1 0 1 1 2 0 1 0 2 2 0 1 1 0 1 0 2 0 1 3 0 2 1 2 1 2 0 3 1 0 
0 0 1 0 0 1 0 1 0 0 1 0 2 0 3 1 2 1 1 6 0 1 2 1 3 0 0 3 1 2 2 2 0 1 0 1 1 0 1 0 2 0 2 0 0 1 0 1 1 2 
0 0 1 0 0 0 0 0 0 1 0 1 0 1 1 1 0 0 1 0 0 1 0 0 0 0 2 0 2 0 1 0 0 1 0 0 0 0 0 1 4 1 1 0 0 0 1 1 0 0 
0 0 1 0 0 0 0 1 0 2 0 0 0 0 0 0 1 0 0 0 0 0 0 0 3 0 0 0 0 0 0 0 0 0 0 1 0 1 0 2 2 0 1 0 1 0 1 1 0 0 
0 0 0 1 1 1 0 0 1 0 1 1 1 1 3 3 0 1 0 1 1 1 1 2 0 0 1 1 0 3 2 0 1 0 1 2 0 0 1 1 0 0 0 2 0 1 0 1 0 1 
1 3 0 4 2 2 0 3 3 1 1 2 1 3 0 0 0 2 1 3 1 0 2 2 2 2 4 0 1 0 2 0 1 2 1 0 2 3 3 4 1 1 1 2 3 2 2 1 2 2 
1 0 1 3 2 0 3 2 2 1 2 2 2 2 0 2 0 3 1 1 3 2 1 2 0 1 2 1 1 2 2 1 3 1 1 2 2 1 3 1 0 1 1 2 1 0 0 4 2 0 
2 2 1 4 6 1 2 2 1 2 0 3 1 1 0 3 0 2 3 2 5 3 4 1 3 3 1 1 1 1 0 0 0 3 1 1 0 0 3 0 1 1 1 3 4 0 1 0 2 3 
4 3 2 1 0 0 0 3 3 2 0 0 0 1 3 1 2 1 4 1 2 4 3 4 0 1 2 3 5 1 3 1 2 3 0 2 0 2 1 1 1 0 1 0 2 0 2 1 2 0 
1 0 0 0 0 1 1 0 0 1 1 0 0 0 0 1 0 0 0 2 0 1 0 0 0 0 0 0 0 0 0 1 0 1 0 0 0 0 0 0 1 0 0 0 3 0 0 0 1 1 
0 2 0 1 1 0 5 0 2 1 0 0 3 0 0 2 2 2 0 1 1 0 0 0 0 0 1 0 2 1 0 0 1 4 0 1 0 0 1 0 1 0 0 0 2 3 0 1 0 0 
2 2 1 3 1 1 2 0 1 0 2 3 1 0 2 0 2 3 4 1 0 2 2 3 0 2 2 4 2 1 3 1 0 2 3 0 3 0 1 0 0 4 0 1 1 1 2 0 1 2 
